2.498461600686019413e-01 6.650526878661427999e-01
2.719011829826434301e-02 5.813663017926752330e-01
-1.017486171837234110e-02 3.605574251773213668e-01
-2.140113595110386679e-01 7.930678055917323999e-01
4.468913590956606896e-01 9.150982312550047792e-01
2.627600198911839158e-03 3.854639223768917544e-01
8.007805135608561109e-01 4.130323650014577908e-02
2.381087558876449073e-02 3.682247098952818876e-01
3.476751275427933940e-01 4.461889555067786173e-01
9.675620074188664432e-01 6.297704069606857580e-02
3.698830709361233815e-02 8.481436266318191919e-01
4.519375838392125644e-04 8.947378554085361202e-01
7.793129890419763228e-01 8.379597585545061067e-01
1.479287863555400762e-02 7.369243700623455684e-01
3.386122033162397571e-02 9.546831618075415360e-01
4.823668975612862564e-01 1.447745979137258221e-01
1.069539358070490387e-01 3.855821208612340012e-01
-6.873535648992672442e-01 6.884754137135538077e-01
9.688335701461214811e-03 3.893377581296108003e-01
7.252564854846368370e-01 8.392316626050421169e-01
-1.172341740830917800e-03 7.298336322547980259e-01
1.359901118819273336e-02 8.851625463402982286e-01
-2.501308280899428027e-02 3.381935473968503691e-01
3.677494081856247377e-03 7.337699471756818914e-01
-1.115757704384368054e-02 4.346781334274485431e-01
7.786263187047404166e-01 8.023339827054278839e-01
-5.814166431473586361e-01 8.429626363014726120e-01
1.751809860131392504e-02 7.637485405659724114e-01
8.670465572395282816e-01 8.343731867668968682e-02
5.465254564304800056e-03 7.423165699191469624e-01
3.067413696629743836e-01 6.783006828689994716e-01
1.176148063355997309e-02 3.276095517889838771e-01
6.695000650529363551e-01 4.237956708124936966e-01
-6.884931506864591100e-01 6.904302981312846477e-01
2.781173528926239591e-02 2.508373282397213799e-01
-5.122282839330651871e-01 7.827342924083615650e-01
1.588108208534544374e-02 3.898198451569833134e-01
2.328999077320492717e-02 3.166550090709754350e-01
-6.067053725931979002e-01 8.708156846506303062e-01
7.377626250539170982e-03 6.366720561907390774e-01
-6.112231684659528153e-01 2.490113988933860822e-01
4.810196628440710498e-01 8.246113802665390180e-01
5.517096178243847682e-01 6.196068945294928021e-01
-2.265400534971395707e-01 8.503713967277438668e-01
-8.295217166681134735e-01 8.736707466206518058e-01
2.465782767649187246e-01 9.670814275695917006e-01
-2.475490283771317745e-01 1.029150155330802452e-01
2.161994773070663456e-03 3.438804147990158766e-01
-1.796507930945945297e-02 4.824757383893789608e-01
3.194464233273586196e-02 8.380406520868904918e-01
-1.629120227517919517e-01 1.452626701931869491e-02
-3.698269895688148790e-01 6.687483408512184813e-02
4.889904567628278187e-03 4.563902111299482645e-01
1.993509204818910696e-02 8.579545499668804753e-01
-4.550486251308878405e-01 7.488817390440033472e-01
-9.967335498560325746e-03 9.968417587209232877e-02
9.893575270553900403e-02 8.244625745990141752e-01
3.393817416461342162e-02 9.890776794650965043e-01
9.528213356898049824e-01 7.528142627664500264e-01
2.196501357141444899e-02 7.976307876439611144e-01
9.037263927632546157e-01 7.623496235805786725e-01
2.127328567063146991e-02 9.496474415503937117e-01
1.634522931577042648e-02 7.177582375663610348e-01
5.073067399031352398e-01 1.842055041788892567e-02
1.389722824529049383e-02 9.959377619487742583e-01
1.759595815354852988e-02 9.725625538514452995e-01
2.083815139762057456e-02 7.465194751252459682e-01
2.201051219747895971e-02 8.403158892920328249e-01
1.974427940793455072e-02 6.797309712996044695e-01
1.871601076975504263e-02 7.583692572171334412e-01
-8.798774201275747497e-01 9.692436930623651303e-01
5.889229958773727347e-01 9.377728160200241581e-01
-1.469051815918365200e-01 3.747843944098360192e-01
-5.855099405493315867e-01 2.159194773011905433e-01
7.767570061376916080e-01 9.074067424860690068e-01
2.233334777732842724e-02 3.918398195285228702e-01
1.369570689200227953e-02 7.135290567277069451e-01
-3.386329269653500784e-01 3.385664903426968131e-01
-2.930843621555689893e-02 3.851952628572719028e-01
3.123459498355363184e-01 1.685510475653810847e-01
1.242026111932403865e-02 8.372817467869037023e-01
1.307444729347095880e-02 7.065540737547543193e-01
-4.598487608474375321e-01 6.509998742597072896e-01
9.502705891459326537e-01 9.350310015632533611e-01
-2.913262018425983868e-01 6.577505609980845991e-01
-6.030233872417882779e-01 8.134979971536367982e-01
3.608473890498675729e-03 4.864670062310694210e-01
1.595217628378753361e-02 5.596261754123592613e-01
9.696968828726697520e-01 2.991340677540824666e-01
3.913705721212856758e-03 5.083132915819026376e-01
-1.104632067491961855e-02 3.490605999320119945e-01
8.797089357314256119e-01 1.653820077520785636e-01
5.071333430858748770e-03 5.697718057974300310e-01
6.222510376318934888e-03 4.197697654792290622e-01
3.687053736375303092e-01 3.749107898633801117e-01
-2.355414989385411495e-01 3.034636385525233404e-01
1.833305353701963902e-02 7.015459884747595742e-01
3.601283317666870154e-02 9.540638964312722070e-01
2.597283013139661811e-02 6.445531415450608259e-01
-8.733850995798746464e-01 8.386924706500339388e-01
3.050895456058189126e-02 9.088837458359333432e-01
2.150296097324355671e-02 8.905761236866803765e-01
3.535890319492618339e-02 8.547517553889119046e-01
6.211577343285281660e-01 1.995622430127215186e-01
-3.509915074595173490e-01 6.520292702889108893e-01
2.083681279485349869e-02 7.277623533435292336e-01
-1.064515163282342414e-02 3.389611518310855498e-01
7.556878602756158525e-01 8.128756837349195852e-01
8.959380041151245866e-01 8.052076489869239850e-01
-9.191152560104867142e-01 2.543008866336513574e-01
3.363160186293190357e-02 9.419054310064391977e-01
5.917150600732581367e-01 3.170933710323098342e-01
2.530866070401094348e-02 9.934865822022218573e-01
-8.788143669975934102e-03 3.573969604636284547e-01
1.186434659894586297e-02 7.191941626521926034e-01
1.565331263122970995e-03 9.964721098947777467e-01
-4.802507833279179295e-04 5.901410711433752176e-01
1.681762978290768373e-02 9.317313562536609917e-01
6.032015951116243002e-03 6.622378606555434644e-01
1.664834702722455262e-01 5.645702398507920217e-01
3.353963107598478821e-02 9.583107666986822037e-01
-5.168324602336962226e-01 4.593048420771062013e-01
-7.499960858673047071e-01 3.931823844157465997e-01
2.152279801876932908e-04 3.667639670020241827e-01
-9.989907395668129464e-01 8.772617897488245164e-01
2.802429314413923400e-02 8.687546545271429554e-01
-4.199946999265953274e-01 4.097908678806535532e-01
7.566803278125977528e-03 4.852018464575491574e-01
1.516417507652327856e-01 6.829417356653415538e-01
8.112704835176807183e-01 4.658600129724698169e-01
8.119353629308010412e-01 4.089641951864437797e-01
3.920409649687872644e-03 5.770962187259984777e-01
1.225790419538563825e-02 6.829233204372702204e-01
2.783615494934110757e-03 6.694467676599380468e-01
2.698419895238513000e-02 9.028746478843914236e-01
-1.106118176557036037e-02 3.374512152252181485e-01
6.252467394602945205e-04 6.488853722177444494e-01
3.458169038706107035e-01 2.932013676781091149e-01
-5.817872158602781507e-01 5.789630093985945747e-01
5.455137461017223188e-03 3.887553062853339458e-01
3.080320687574555905e-02 9.101941010797253151e-01
4.533969716269057315e-01 3.201032693756564740e-01
5.548783900480636078e-03 6.136504205060100414e-01
1.047002574237909656e-02 5.116649231917922425e-01
1.352346325350239908e-02 6.836528265300246821e-01
2.674005186061199080e-01 7.586888167504327596e-01
2.093460125271318084e-02 8.231293196982487625e-01
8.899395495291846370e-01 3.370065883479327340e-01
2.534372405709750531e-02 7.958832671852186236e-01
2.182571756040263544e-02 7.931153238146009254e-01
8.852336603713206742e-03 6.571590164123727318e-01
-4.715433897255516538e-01 3.300607474985725043e-01
3.041967155186564575e-02 8.876474227236753611e-01
-3.455402383514249998e-02 2.299186834388932121e-01
6.316508519322860948e-03 6.219284217334586362e-01
-3.465034075118706980e-01 9.118063904785593810e-01
3.602605118357977698e-01 6.355006461881191893e-01
2.193250967686366515e-02 3.855872220774899661e-01
4.860971314988971059e-03 4.250659702807079166e-01
1.320639621323871360e-02 5.791937857040512228e-01
-8.346868181479734083e-01 5.082662328399401019e-02
-9.487128498070291904e-01 3.344930764113599464e-01
-7.013722258293180190e-01 2.114025506431478352e-01
1.780547034781494453e-01 2.567403713809379706e-02
-2.378042442570116322e-04 3.760481936997751573e-01
1.442681514021626477e-02 6.757371095396313976e-01
3.935683687901869732e-03 1.278992307478921120e-02
-3.860966359778115198e-01 5.359108410309211257e-01
9.690363635709935419e-01 9.536811008236381060e-01
5.772321727757434573e-03 9.099990182507594616e-01
5.606474929376581429e-02 1.390352308473840059e-01
-3.276405681049969765e-01 5.637590086674086898e-01
1.336486733759256751e-02 7.615308957236716081e-01
9.479297191761881791e-03 7.892847023220438407e-01
-4.881969369533514236e-01 5.113937012523394054e-01
3.330209207433743046e-02 9.276747517659971187e-01
1.457466349777480907e-02 4.391316859740445055e-01
-7.851809203900816936e-01 1.891490328888025818e-01
-1.424758296455788109e-01 2.969815978210230689e-01
-2.085135983511121616e-02 2.963592853238227187e-01
7.817085634941673966e-01 8.019983795829959128e-01
3.120803729885013311e-02 4.448670963661341959e-01
1.462429087550431994e-02 5.293009813949129949e-01
1.837436471258913073e-02 8.003704537873582714e-01
-5.007526593798241610e-01 3.415083332837717256e-01
-2.398956256711122226e-01 1.061868117021173008e-01
2.885137063495146759e-01 9.315436950435037611e-01
9.328808046997996151e-01 5.884486861676341274e-02
1.550091890533611405e-02 7.521989702588884885e-01
-1.511979148215614188e-02 2.322746468436506229e-01
7.001886815038782519e-01 1.649854698706988421e-01
-4.058377709772331698e-01 2.847961239881402484e-02
3.207369312766239489e-02 9.768428308226539958e-01
1.768246746009882742e-02 5.721041486679457888e-01
3.536493774717541783e-03 4.222700692830297919e-01
2.044503924857044019e-02 7.550735028795251269e-01
-2.286032628588132720e-01 1.145191230940029170e-01
2.209062125176508573e-02 2.870593193064171489e-01
8.914300247364435048e-01 2.304576369712144635e-01
-3.293585374883616357e-01 8.253304863507430200e-01
-4.035993565527278282e-01 2.713900622379943339e-01
4.137636980437275902e-02 6.646521882643360302e-01
8.925911847389611520e-01 7.084684565079584218e-01
3.667441835875617784e-02 4.436449003379180356e-01
-3.080413864843205562e-01 9.734103654768921920e-02
-5.206337461042898074e-01 2.457541162629082176e-01
9.279361348998760306e-03 4.588532553471071918e-01
2.681366555744646440e-02 2.122280356879079344e-01
1.183806359776795603e-02 6.347385572583529312e-01
6.482732837221767408e-01 9.101714156920204246e-02
3.679043583662955363e-02 9.395402221012284505e-01
4.962918688897710595e-02 9.390968230497055425e-01
3.639356610480350973e-01 2.762830587247797620e-01
-9.883940318823558613e-03 6.754163699765627360e-01
-4.197647472799732604e-01 8.563636493728860044e-01
9.690475728936731592e-01 5.013650798312561108e-01
2.097773738484343120e-02 8.185476248534996335e-01
2.712912510785263631e-01 5.953068378411959793e-01
5.579844782239473666e-02 9.992792927070928144e-01
-1.986168208287879544e-01 6.434365958477815672e-01
8.312487922804923102e-03 5.534177183281282497e-01
-8.767140818295076077e-01 3.614902962856951785e-01
7.097961262497365365e-01 2.265652232198076543e-01
-8.675998893379777144e-03 3.760332505089550859e-01
-1.653335709828751554e-02 4.188880417758806818e-01
4.376646526955019212e-03 8.190960908325464196e-01
-2.761202513689602345e-01 2.649378241232325237e-01
-2.211600213717930252e-01 7.428130191032525920e-01
1.672356710758093890e-02 7.765418497713044710e-01
8.786669602404231227e-01 8.916490947533908251e-01
-9.706492115208120719e-01 2.432575591414340987e-01
1.402573160454312351e-02 4.159887861219935257e-01
4.468553821325400577e-01 5.891427448021909763e-01
1.182968836479747488e-02 6.587143895572677987e-01
5.602096846741393410e-01 2.414324150468286634e-01
1.158278592905781501e-02 7.272456155439637193e-01
4.862812643201275264e-02 9.517956892439483063e-01
5.001075709680928849e-01 6.016628087839499539e-01
-9.740590421726391668e-02 6.698273430563770336e-01
1.817408281644961043e-02 9.269161505751551955e-01
1.015953545728587315e-02 6.716105917245470680e-01
-2.985445072077939077e-01 5.486314100855290699e-01
-5.038578006128573428e-01 7.413096108266146178e-01
-1.266571848523652122e-01 4.201761734349263033e-02
-3.557946843429422579e-01 6.897137553942700450e-01
-9.879329703317099032e-01 3.602006213200992235e-02
9.425310858177220474e-01 9.831437931096720373e-02
-3.455766905012147561e-02 9.369043152475408087e-01
-9.315481893097308230e-01 9.660952363870742854e-01
1.394124014022080082e-02 6.918135341249004311e-01
4.600880968425480333e-03 7.999651374464307185e-01
-8.124158100020508755e-01 3.179754896374964446e-02
1.838779769060350233e-02 7.951910758374725052e-01
1.774260555059026245e-03 3.367034788538284529e-01
5.691953949771066945e-03 5.542842420179984186e-01
1.628567374502654097e-02 7.797546248500799582e-01
2.329487000809926656e-02 8.022704908888413922e-01
2.074649884435197933e-02 8.608756565290037743e-01
1.832660006666086971e-02 7.640974548850795189e-01
1.257625132574946569e-02 6.897753393610831507e-01
1.307547978291134783e-03 4.376743164695185984e-01
-5.908225783263978403e-01 6.342790916052819528e-01
5.389612746591332382e-03 3.725272484759687419e-01
-6.060247983814639472e-01 5.572513423069609395e-01
2.005404130752028724e-01 9.790551629671755407e-01
5.585989520728231739e-01 9.031652013328160811e-01
3.841554633409944852e-01 3.780848795879302449e-01
-1.721950874801603248e-02 5.997192688954056106e-02
-6.981811187513449202e-01 8.447741349089530338e-01
3.527904767370038108e-02 9.724670517210906029e-01
2.841762092405490936e-01 3.075644024278006983e-01
1.022724852349732316e-02 5.098851481842735511e-01
-8.105339144281480390e-01 5.068669125143665521e-02
6.910406951000425124e-03 6.469496614446439420e-01
6.534597755610382919e-03 3.897494803841977662e-01
1.546787268912686031e-02 6.881063701485415907e-01
-1.331771231503720010e-02 3.537075768412605292e-01
1.215445782031565614e-02 6.836810646953469517e-01
1.829086350616746515e-01 7.346163213606317077e-01
1.343608718203315178e-02 6.943695502474108716e-01
7.830910607021679404e-01 4.221768519059363456e-01
-3.675278550627112395e-01 3.586765218321943394e-01
1.720141481915637982e-02 5.358282159102863984e-01
8.464973604176562194e-01 1.579699773385060402e-01
2.072854245725341826e-03 5.432480159266392938e-01
-1.863836624626231675e-01 8.467697263039101196e-01
2.149159183774624893e-01 2.468789253586463062e-01
1.890239011899530475e-02 9.365959215311552288e-01
2.282803653657916598e-02 6.120119782406822084e-01
-1.428640354170029880e-02 3.453684356980811776e-01
1.090363898331325743e-02 7.172070092990530110e-01
7.875649740718988490e-01 3.099968614835678649e-01
1.943555400860308424e-02 9.872863740126953669e-01
1.245782086912505804e-03 3.517778536294250413e-01
3.689244991608031654e-02 8.420590739648999845e-01
-2.071343811530113044e-02 4.394565155116603172e-03
1.281673977315600510e-02 7.169813092555050726e-01
1.125854826812089371e-02 8.791739957615184453e-01
1.177928610035650081e-02 6.492573892520251411e-01
1.676103842615732642e-01 8.774341367965643457e-02
5.002408325539251521e-01 3.497654418020532674e-01
-6.374638484500598778e-01 5.696922202891144815e-01
-2.833259851552416553e-01 8.809603720583814024e-02
-1.030053071257652775e-02 2.640130762614890658e-01
-4.376038087088598427e-01 8.090457812523769165e-01
2.305120372700919518e-03 6.728714860432748468e-01
6.814153084620899747e-02 6.031295578261932633e-01
8.778809099800000126e-03 8.186507568857755990e-01
6.484794961089224152e-02 2.189792653404476486e-02
-1.099328643230301772e-02 5.163085241065898945e-01
5.845102397895558521e-01 3.928531334120600738e-01
-4.510727550329860502e-01 5.119638140095668088e-01
-1.758318494733255299e-01 1.239346768776565799e-01
1.112617571547636075e-02 6.294417484018244302e-01
1.470040530092884268e-01 6.056103570340853892e-01
9.963680391337637055e-01 9.886600082766436870e-01
1.582574047913221094e-02 5.375902930951298453e-01
1.090562142868867213e-02 9.195887070728675505e-01
2.175389678454209275e-02 8.111084440526767914e-01
-9.369510969921930332e-01 5.449719987432591894e-01
-3.542660486624882310e-03 4.716953467986318982e-01
3.548799108624522969e-01 3.871754825604056816e-01
2.792884827807597947e-01 2.532016704631860904e-01
1.406639913946339249e-02 7.693981580542846865e-01
4.876585416978664878e-01 6.145514793249703400e-01
1.032825527641252350e-01 9.887297707858677676e-02
-7.671050975591398036e-01 9.987213510335982702e-01
-4.787906712646177176e-01 5.947932051187423408e-01
3.306740345660106328e-01 6.753762318427146694e-01
1.740599258523745085e-02 5.739366758581223582e-01
-2.484390690820386105e-01 2.224588464254473319e-01
-9.290829237177469224e-01 1.568962362480574857e-01
-1.267316912525475736e-01 8.969054939095069123e-01
2.355013176366771432e-02 9.634134064074502124e-01
1.549047566223760164e-02 9.669583324276285197e-01
5.018775447119427913e-01 9.082077962664383275e-01
8.021194048608348837e-03 6.549718190737918722e-01
-6.155518240597415147e-01 9.488753365955090446e-01
2.316536194034002349e-02 8.343809094540565185e-01
1.806951391203304169e-02 7.317775746252797031e-01
9.994834918041881622e-01 6.562048300116574140e-01
2.119580934411824380e-02 8.439968654996755637e-01
-6.472248716138149227e-01 8.680026434165856175e-01
1.985245981172245600e-02 4.011812299387770286e-01
5.612726529599691982e-01 5.897095500487959940e-01
3.042892979417828325e-01 3.918670361896307019e-01
5.106366765300407451e-03 7.548903326021504379e-01
8.639251739996236523e-01 3.307746892558005580e-01
-2.739695194518829702e-01 1.039643425646552544e-03
4.291405595346156066e-01 3.606984400484112285e-01
-7.208457491719055810e-03 3.965048756412929976e-01
6.094971328663976173e-01 6.497786560993419336e-01
-4.241799627378990412e-01 8.698162702446082806e-01
-9.403470343687381217e-04 4.088437115482834727e-01
-6.771033525309304579e-01 5.686570158950280396e-01
1.416802112305348693e-02 4.433966283193208069e-01
1.326592437127471769e-02 6.568836201891146143e-01
-2.967936106790691753e-03 4.688104894757952890e-01
6.546715499235800095e-03 6.232046397920705250e-01
-6.124646752794482563e-01 2.355818732578630614e-01
2.646500138306717709e-02 8.188410520892416278e-01
2.509665096868873846e-02 8.324465700370291543e-01
2.453877398212922500e-02 8.215306412127080238e-01
3.371411470908247665e-01 7.308101127884282233e-01
8.433927874092246313e-01 4.272249361692843639e-01
8.755729283125857076e-01 2.054451683495148728e-01
-8.313991670108817900e-01 6.984142146599847667e-02
-3.692235614630248186e-01 1.491973874465024608e-02
-3.280274132994704939e-01 8.204879003866140108e-01
5.013287944739548418e-01 1.682916349600840356e-01
2.667357794695957018e-02 8.577322132095558382e-01
7.347539666876456987e-01 2.824968296727909944e-01
1.583625652804676598e-02 5.673923730017736977e-01
-9.721071980826831993e-01 4.195059392667941367e-01
-6.743450495950116252e-01 6.111894979448121434e-01
-3.269057313007586174e-01 2.816500710763657489e-01
-1.319757466848092697e-02 4.815928592904452632e-01
-6.203061636282856117e-01 9.977873869223623515e-01
6.944038717581035858e-01 6.867426506674298992e-01
-5.045071016938706965e-01 4.787057340806972761e-01
2.345479320874721552e-02 8.644185543434351748e-01
3.295404194670865650e-01 4.458889736233885293e-01
3.593528229632430016e-01 6.263304456282736687e-02
-7.775618631475735842e-01 3.956041002638995829e-01
1.682967846205962736e-02 7.498062139704059215e-01
1.373416479567968196e-02 7.320569009277715367e-01
1.520863063297817064e-02 7.606040858582905351e-01
-6.458825927455775773e-01 4.633926771928112975e-01
7.733678094094695865e-01 1.931087589855288167e-01
-6.293911238901186422e-01 6.737475419429890255e-01
1.753981333541942966e-02 7.085426052431272881e-01
4.344539312510828921e-01 8.324841391878967656e-01
1.849629595405444249e-02 8.892568214735836474e-01
2.598066292747374106e-01 3.311530623705687404e-01
1.289640049635742969e-02 2.792469446865125660e-01
-2.392782553022456682e-01 8.217908331741299310e-01
1.367354908115880896e-02 3.622956875141033484e-01
7.127419898214637506e-02 7.711546584857205122e-01
8.378784889160977301e-01 7.896103702724688311e-01
-9.349660580048269054e-03 2.858242991850499237e-01
1.171589107232939853e-02 6.635433291023178359e-01
1.968573233440062964e-02 7.974965054617129123e-01
6.635399456335233648e-01 8.412404358319465203e-01
9.414852558047221986e-01 4.553109042992431466e-01
1.140870470034140993e-01 6.123779487186999937e-01
-7.900825936054500787e-02 2.544222596126480829e-01
7.283845640004371624e-01 3.024409995654719907e-02
-2.910161759651730407e-01 6.235705808009917028e-03
2.140603089730563902e-02 8.001500435362506325e-01
-9.556346803606567963e-01 8.745408016108646709e-01
-2.401120117570638701e-01 6.601632965434153233e-01
2.644296022031744631e-01 1.513929868108504495e-01
1.117628886145038969e-02 6.303874074609840950e-01
2.592874687848367721e-02 9.013940112352398781e-01
1.489329385382132109e-02 6.134639277412834435e-01
1.500328512758875021e-02 9.323749870825593922e-01
9.106111789220412422e-01 4.278119290870893154e-01
-4.956003861766287155e-01 9.215094742682982121e-01
3.053416080740165572e-01 7.405811732201527109e-01
1.639424274030150119e-01 7.475116967092414466e-01
1.731257451251866364e-02 7.755326677371330302e-01
7.327727384238480468e-03 4.463448744815001756e-01
1.743058419781662316e-02 6.709696317933775411e-01
7.181148086520032781e-01 1.748964110285231577e-01
-4.968731813877373948e-01 7.859144922192696781e-01
4.539981812451083787e-01 2.505067389368331732e-02
3.050317863105656002e-02 9.180120673794016639e-01
-1.051364450267988637e-02 2.683366726822972170e-01
-3.342845746594786949e-01 7.413440220881510889e-01
1.324551918618310786e-02 4.233954450110121170e-01
-1.256779656145456947e-02 5.033614284154819263e-01
3.174032805537985169e-02 9.179526285900631022e-01
-2.729941997205320714e-01 4.836262832888192920e-01
2.285924970206165696e-02 5.770527249241186318e-01
-6.148088083168439244e-01 8.126804838552226240e-01
8.520983308975929038e-01 8.041270728776150900e-02
-1.623332162515542798e-01 8.561829686670398010e-01
3.062749154868467105e-01 5.874545714255666740e-01
9.307694410513489558e-03 6.224065803446300338e-01
-2.321224666221688437e-02 4.879759946010745475e-01
-2.209570630945594250e-01 5.725286831123745923e-01
-1.828724654649160897e-02 3.875092247369197329e-01
-7.727879508284403176e-01 6.722546129705611051e-01
7.208040615627997472e-01 3.341420068865136317e-01
-2.039135742330884238e-01 6.214729378948029570e-01
-6.425590193191221822e-01 2.416287877889543578e-01
5.210234388324246346e-01 4.582560519676777133e-01
6.628683865888884696e-03 4.290386992043596637e-01
-8.279921541472052837e-01 4.821351667630986437e-01
1.539757847184897166e-02 5.358183748322126183e-01
3.169745069605713894e-01 2.679086867605356970e-01
-7.792875168350219539e-01 9.592757754256558966e-01
-1.249374255700861358e-01 8.954684641103093368e-01
-5.636637755306324049e-01 7.077823280339039513e-01
-8.124840948051319511e-01 1.099471569436936136e-01
2.125065663071090682e-02 5.837110620315991705e-01
-5.250784470783753655e-02 9.251665133692548171e-01
2.002012294749411225e-02 8.202956990433147855e-01
-1.085408879372540270e-02 8.907201557738981812e-01
5.006335719492960301e-01 2.480016352222074172e-01
1.002016442398434570e-02 4.027203591938464111e-01
2.684974020657771021e-02 8.688282018342731172e-01
1.227490572888467746e-02 7.324306133699942656e-01
-3.671943051605508490e-01 2.191973967529635692e-01
3.145751702460162225e-01 1.156175873973985802e-03
-9.925872392307466541e-02 6.318426557000684785e-01
1.101613687338187653e-02 9.495528069386641734e-01
6.343881962121757923e-01 4.435827498732846097e-01
4.259981263441736665e-02 3.318636783047087535e-01
2.149247844063606472e-02 7.667973402657950466e-01
2.310572591805297726e-01 7.334734384759056258e-02
7.793889277680468020e-01 6.349433075198342991e-01
9.078977482660259835e-01 3.497609692555037064e-01
3.841868468380367219e-01 5.593864150741122421e-01
-3.888998252708262271e-01 7.336470577255981285e-01
4.517207636668918447e-02 9.154010161144791047e-01
-9.723940339644756570e-01 2.288687092678098889e-01
-3.963498979886459495e-04 6.961761182184454944e-01
2.253647673946281849e-01 1.705918725856347962e-01
4.738173192529382405e-02 6.843685080085258887e-01
6.425708471995750237e-02 3.686964110030839237e-01
6.838477861660192669e-01 7.080365747416474953e-01
-9.466045968433884905e-01 2.376162267399110073e-01
9.648103585381451186e-01 1.935931851671012227e-01
2.322225062077509783e-02 7.242349639124409100e-01
-2.562180837789140853e-03 4.302541739872357551e-01
3.581971522650770900e-01 4.022004075268075241e-01
1.119126293468348798e-01 9.710413442568309739e-01
-1.219334914668812608e-02 3.692390274893039281e-01
7.133090472869252352e-03 6.805092398538643561e-01
5.438858288911330163e-03 5.822802059522922402e-01
-4.223341840904115685e-03 1.660300624827470983e-03
8.961173223864857817e-01 3.567007090252473089e-01
2.669256724600010955e-02 8.625573267090170804e-01
9.015858266894372086e-01 4.877964884051675387e-01
5.374133161597451913e-01 1.950103862859444703e-01
2.914139854488380088e-01 9.569389688056025856e-01
4.055205561342831722e-01 3.468176225161579973e-01
7.205464207151379696e-02 8.897734338158314049e-02
1.475940707074996361e-02 6.932626145636994197e-01
-7.686782074191942371e-01 6.646443104499880628e-01
6.669523370044150301e-01 9.578435714073181284e-01
3.150963035291676206e-02 9.672062139536107273e-01
2.200583429629077159e-02 8.030256807998586988e-01
2.809439203871866297e-02 8.606095214501637836e-01
-2.195306252640394362e-02 4.587956446371566077e-02
-1.966243819994086817e-01 4.383510817693490047e-01
-1.533759904472353774e-01 3.480836906800681696e-01
9.279902159949449114e-03 8.269429771856200428e-01
2.579362939858875770e-02 8.802303152690776900e-01
6.716891376567610816e-01 5.098093423014532499e-01
1.627359873271916335e-02 9.927405966579555541e-01
5.510398011348782710e-02 7.749728642693416436e-01
5.978050882060610416e-01 6.722706401743973048e-01
-7.946440602656417163e-01 1.347434604136037439e-01
1.774089823874662741e-01 9.442191629478702275e-01
3.363267853180569311e-01 7.153637340663210331e-03
1.598629084083502683e-02 9.240006237372131448e-01
1.411974907358870546e-02 7.435270597148976313e-01
3.808076660971160265e-02 9.384845514851586357e-01
-6.950261693867476609e-03 3.903929805683262755e-01
1.886875996926522525e-01 7.125691319871320095e-01
1.260433117003345593e-02 7.387233316135493055e-01
9.805563554061702547e-03 7.668527594888677745e-01
7.046929646802990721e-01 9.985841966230671884e-01
8.602301625178165878e-03 6.335186713998062213e-01
2.414677690649713604e-02 5.817830168826787496e-01
9.672314005344184729e-02 7.317834881203185704e-01
-9.894856043228963394e-01 1.386146946331334728e-01
9.689851147132744202e-02 9.883325888875499343e-01
-3.488966511669766568e-02 3.274142969361385491e-01
3.219770586091970088e-01 6.583267319146461904e-01
2.522098799387118007e-02 8.335793212894725412e-01
1.909677822500144284e-01 6.308780364731800816e-01
-3.649282691239157383e-01 7.676441548064404374e-01
-1.868997619103440755e-02 4.163436274854872554e-01
5.132062490155493428e-01 6.282634064926654327e-01
5.315976839574965140e-04 7.993059130746444918e-01
-8.985563196520933715e-01 6.984015900358286899e-01
7.139571181380872655e-01 5.598239444931197850e-01
1.529897010000924595e-01 1.370671808591581442e-01
9.943434450223811449e-01 8.040267429633566332e-01
-9.315114210125392535e-01 5.956149526773178993e-01
-3.027788349172277904e-03 5.760904448443586734e-01
-9.348168860016552451e-01 3.802279606149502333e-01
2.785002148105131248e-02 8.689995156346885796e-01
-8.720308450541358614e-01 3.246258107152466543e-02
-3.168373464551894614e-01 7.575033815038136886e-01
6.003089208396872323e-02 7.321320835104061509e-01
7.770557573957348474e-02 1.164036974608118058e-02
-6.851882261644792749e-04 4.019505613255169862e-01
7.034498905015136305e-01 9.116807141131824110e-01
-7.070031681259303369e-03 3.987197769208608022e-01
9.577530897707311475e-01 5.892063268869291992e-01
1.579983602177836843e-02 6.788925508164445066e-01
-5.615039740678229307e-03 3.460296690956403687e-01
2.531308054527903195e-02 9.021035501851887295e-01
1.610568452115459515e-01 9.734844072689349259e-01
2.754233265864391988e-02 9.536096029023664045e-01
-7.445718684777569152e-02 3.976957538773312484e-01
9.469622301064211101e-01 5.732397532269287721e-01
-1.913916054361308738e-02 3.165053188666464568e-01
4.860924256825382983e-03 4.320823686516515050e-01
-8.414129150334153096e-01 3.227863009028054675e-01
-2.620560499492770035e-01 1.980933530827067024e-03
1.669955886150487068e-02 4.079195937951530793e-01
4.946600493307862223e-03 4.511524108552285028e-01
7.538212709831169089e-01 1.830392113870178417e-01
1.872957226853277923e-02 6.653326733302248330e-01
1.669354984939941389e-02 7.195444478494987806e-01
-2.804219620137260449e-02 3.736951345250401069e-01
1.617714823673188640e-02 8.113143884637525893e-01
-7.489695915730703035e-01 5.962476103117518855e-01
-9.536962305059224487e-01 4.884107592548538879e-01
-5.467862033498189778e-01 8.016309393692069296e-01
-1.567285425807263266e-01 5.978785856531192433e-01
9.491076202828452324e-01 5.690994911084065189e-01
-5.913526392176549074e-01 8.788229672918629332e-01
2.288911603509682369e-01 9.703556713645995480e-01
3.293018034924009019e-01 1.066876424426375092e-01
3.744372918159588615e-02 9.531606408960058285e-01
-8.446621578760802329e-01 4.063447005248442823e-01
1.447236055721168313e-02 4.851515238470927027e-01
-8.725145777750786813e-01 1.260495713363438686e-01
2.360321012691388720e-01 5.879417892221291408e-01
2.608108544827580921e-02 8.279301796717603024e-01
-8.820252743134326945e-01 1.351638510565443818e-01
-2.501487893723730593e-03 4.814471521984545754e-01
5.734086009956422814e-01 3.377814994196406406e-01
3.731363878563342951e-02 9.557128732280307792e-01
1.790336814689807987e-02 7.114705578866122870e-01
-6.089618305526340869e-01 7.342538306384194247e-02
1.168080139653482341e-02 3.830676930910544842e-01
9.617152413060825467e-03 3.723477432186816927e-01
2.672851122253927514e-01 2.319375468341208224e-01
1.034290981705092705e-01 7.497258687873755711e-01
2.327132650688024107e-02 8.637662694073541259e-01
4.125921538643879671e-01 1.664072667600193789e-01
-5.491525992528705213e-01 2.978427794710790666e-01
3.425324235209861179e-01 6.919952341805388762e-01
-9.050225937750944194e-01 8.305633987499625448e-01
-9.786801543560568195e-01 3.890825816958378702e-01
-8.763359959053020898e-01 4.589203645781070318e-01
1.337524163970504887e-02 6.716722347255952297e-01
1.556609781692119832e-02 7.435810775883380241e-01
7.293583078765317751e-01 5.020858784526868179e-01
1.539716567992233109e-02 9.721233044122420397e-01
-3.914897669281962589e-01 9.393634889482124217e-01
3.169586632022647343e-02 9.451010934364940663e-01
1.324731956767855046e-02 4.250140043879636620e-01
-9.480940439650877849e-01 1.780502852316633300e-01
-1.259089669706550119e-01 9.347835107730785298e-01
6.014191312420902324e-01 6.277586988217446207e-01
-8.191834591999025417e-01 5.522474137231472291e-01
-7.181058611469095521e-01 7.042891981239133292e-01
-8.894219899974387111e-02 5.080834510957730199e-01
3.882211377932933694e-01 7.462287808149050683e-01
1.485185743351835619e-02 2.980100124467576217e-01
-6.268752913915358604e-01 1.030330376241394008e-01
-7.996850031771480793e-01 3.674600833850326653e-01
7.941066984768132553e-01 9.145547350154406008e-01
-1.896806148807606007e-03 4.525779441268596992e-01
-1.676600946075861298e-01 1.871698450564278637e-01
-9.884280241753684582e-01 2.994818720574352611e-01
4.761124025419378736e-01 4.387233876875865635e-01
2.887411011200313737e-02 2.268000861099679355e-01
2.693305431097081648e-01 6.839084633890650800e-01
8.744150567165265286e-03 6.293202607182746267e-01
8.428073815219039311e-01 9.414364372042227647e-02
5.456042305500268252e-01 1.358485290755289121e-01
8.431098830825265456e-01 9.414702176793421362e-01
-1.117943461253956272e-02 2.912765082891349833e-01
9.456337377031664992e-02 1.950262927559746062e-01
-5.190166107544942342e-01 3.185999582477910819e-01
-9.799404756540719408e-01 8.159919298578556246e-01
-9.594726884000053246e-01 9.241797037545054216e-01
-3.265229532277351687e-01 8.170321174405978937e-01
2.685857217924167983e-01 2.979368844525612792e-01
4.846040647885629937e-03 7.120004502565706606e-01
5.661742864927266083e-03 4.065753118796844312e-01
1.944654046478744291e-02 9.763433779367288734e-01
6.093359262259006037e-01 5.583585128759775973e-01
-8.672881741504792075e-01 9.611677232610733590e-01
5.110011587252949461e-02 9.462535410445639394e-01
-2.610047073280030716e-02 7.504302788594030549e-02
-9.873380104488482800e-01 9.248711226811778818e-02
3.463962791864094726e-02 9.298376335739461096e-01
6.470494687329508832e-01 7.302289659834247937e-01
-8.649934970435846360e-02 8.107967809862480779e-01
-4.448783620595138100e-01 4.117935962573586739e-01
-2.226483615802754557e-02 4.601500468335413263e-01
-2.440423355277299144e-02 3.647481935979303147e-01
2.853267843266134030e-01 5.481345794341725419e-01
8.694988922881972115e-01 9.057682975372973733e-01
-4.270669433607432453e-03 2.437210949662286241e-01
6.362623994204554823e-01 9.077103155824071123e-01
1.484475411660524102e-03 3.217465561956611708e-01
-5.765812533842897825e-01 1.319169099942208989e-01
-7.693183083616679241e-01 2.823373967697712095e-01
7.699042440858709924e-01 9.759110641937828179e-01
9.380561802899318735e-01 3.371580050020757113e-01
5.222970707816467772e-01 8.914108467070993580e-01
-1.632896390520990337e-01 4.364994301221661877e-01
4.275649057845898326e-02 3.304701724536730501e-01
9.557780877264865360e-01 6.432346632415671950e-01
-8.719753144042456938e-01 7.481100827013867915e-01
-1.969410370184954129e-01 8.214124415977397398e-02
-4.740991012888162714e-03 3.379272407466799022e-01
1.682378244467375161e-02 4.967878433076162725e-01
1.593200999577826238e-02 6.972007391046934899e-01
1.780356604094790463e-02 7.303789307608222758e-01
7.162850490468755105e-01 4.440682784690064278e-02
2.352678939178787232e-02 6.205346528778887816e-01
2.454542066946641121e-02 4.692026037010585959e-01
1.689451243109416634e-01 8.132928677419958285e-01
-7.411228424393689895e-01 3.527359333391413276e-01
2.876223181838111209e-02 9.502687301810167630e-01
-3.358903624103530827e-01 2.180137520354958891e-01
-9.282952377936612987e-01 7.414657636249805117e-01
3.900426456717465129e-02 9.972668636464692149e-01
-9.135661528231353579e-02 4.767338444616208148e-01
-1.457096314744221743e-02 2.265312018554926921e-01
1.607691760316631857e-02 3.741438317356992060e-01
-5.111616375962033665e-01 1.906154567661564325e-01
2.163913051850197000e-02 8.460662983884066346e-01
7.859585717117809622e-01 9.984932939088422277e-01
1.566192028530499769e-02 8.984932563307579390e-01
3.843797188749276117e-02 9.869372360946923051e-01
2.963264254472175452e-02 8.370421974711916846e-01
6.703027319352172775e-02 4.923766394327099283e-01
7.388611228334820424e-01 4.692338760164727063e-03
-5.465775265305850006e-02 9.247539722720981015e-01
1.264958207069644125e-02 7.205187604353735509e-01
1.096822084597803837e-02 6.793046955400133813e-01
-5.326391251491053858e-01 1.973528110508785405e-01
1.109165366371511752e-03 3.115985420680257301e-01
-7.001353564881451774e-02 2.061220931450608029e-01
1.691821479294386421e-02 7.297617344104082582e-01
-4.114409296887304723e-01 9.817833474743017375e-01
-7.930790736359669690e-01 2.107390988712435353e-01
-1.194534686405512858e-03 4.202245596703865216e-01
-3.516983298554201554e-01 8.546523906117630132e-01
9.498387291895005191e-03 4.949524784864588467e-01
-9.325535018021811062e-01 1.471423732418817298e-01
2.947141145116738414e-03 7.356516849195909868e-01
-2.447574819427944526e-02 3.595594408669202657e-01
9.375360489046966617e-01 1.871355367377270928e-01
-5.931799902497314481e-01 2.202972298200431833e-01
4.242651820626042181e-01 3.489651120782388816e-02
9.361319350157915054e-01 6.971032425311179948e-01
-2.408520563809246617e-01 6.250478010828109943e-01
2.026044265058879468e-02 7.576928265539226715e-01
1.256150583641568730e-02 4.276599561521090553e-01
3.254234197173189180e-02 9.560287297083425173e-01
-5.051198136229730906e-01 8.097713853592448663e-01
6.731474103946109011e-01 3.519491688060844004e-01
-1.227214044008473337e-02 3.383758331685170484e-01
2.813860570868298439e-02 8.085191261128954476e-01
-9.569726472024919772e-03 3.469188044406147364e-01
-1.024121001249778118e-02 5.414934232545770554e-01
-1.960929113198095486e-02 9.384073752651544975e-01
3.423017486168533630e-02 9.963334655340315704e-01
-9.937594716661999339e-01 5.496396143335032791e-01
9.426318356577751967e-01 6.986013532385000335e-01
-3.203928643082101235e-01 6.493842930516269263e-01
-6.118476737860156778e-01 6.519793531549042953e-01
-1.101995695750408455e-01 6.575098754072034035e-01
1.248154734287654222e-02 9.129370813373504090e-01
1.742276843957846211e-02 6.377745994353328784e-01
1.409361454830748706e-02 5.992301989044507282e-01
-5.429177995876388607e-03 1.039793199517942135e-01
3.032480783864754947e-02 8.533522730059670547e-01
-2.950842313421102592e-01 6.626075579797620074e-01
-7.465672575582071868e-01 5.274684478483581129e-01
1.333657946488377988e-01 1.772494997307219045e-01
9.055642194082591523e-01 7.885061044368427696e-01
-2.023749476995262420e-02 4.001341948359021794e-01
3.460213422506215331e-01 7.076461385016490357e-01
4.781775577117088893e-01 9.241887804997291900e-01
-1.112351571678016349e-02 2.584001002066486086e-01
-8.027996429618302621e-01 3.430151704340519414e-01
2.059296337182781045e-02 5.990883842399440384e-01
-8.317948193149042879e-01 2.190144771734860996e-01
5.950230039553083827e-03 4.787932844763109763e-01
1.542378008512395038e-01 2.778235089587548501e-01
7.176647131927156309e-01 4.664405537956473058e-02
5.846465041495800818e-01 6.888336166609834166e-01
3.928225790227330982e-01 9.973567232675329963e-01
-1.319208189312170987e-02 6.593363682474457921e-01
7.571529902688030056e-01 1.311870830105754671e-01
-5.908807975487890829e-01 2.346458205291500621e-01
-5.681821118697703010e-01 3.654603713828650235e-01
-3.128789249355676816e-01 9.141295419020567525e-01
9.147364021133697065e-03 6.813167237764452544e-01
2.992575242865913587e-02 9.064874530974300626e-01
1.902140779451544361e-02 3.832247824448639095e-01
-5.075203340170348909e-01 2.801731151712768542e-01
3.135905952687867426e-03 5.911433190252466385e-01
9.829900799582209636e-01 7.153796646617021082e-01
1.620597395181500033e-03 7.400357281936204012e-01
-7.233943701860490183e-01 6.004255171269023972e-02
6.241615153841739705e-02 7.380173703871952817e-01
9.579494523193738953e-01 6.006090208499001992e-01
2.175437438480054553e-01 6.447792476431420949e-01
4.729858242904172450e-01 8.000964498443374762e-01
1.058172034184379218e-01 4.428691361649458313e-01
3.191072254777109762e-01 1.061299427598118017e-01
9.414310842762243503e-01 5.423309029967731121e-01
-6.191319365864900170e-02 2.757721997773923128e-01
-6.863869408627827351e-01 7.626052763348648567e-01
1.706052398554391836e-02 5.509656437861149003e-01
1.827415833161394332e-02 4.281860567246076332e-01
9.482683708313000004e-01 7.373255145416065526e-01
-9.929205724851315473e-01 3.105306749257928933e-01
-4.126915916904179138e-01 3.282273727032903876e-01
3.799532754889947128e-01 5.536144317486779709e-01
2.769319911750978136e-02 9.708559567422491154e-01
-5.600631672376590320e-01 1.378488135408216797e-01
6.242985599506365446e-01 4.591703343697323136e-01
8.986497866825797765e-01 4.989962991201438713e-01
-7.921275574598991565e-01 2.826537125410308882e-01
5.284714610386611611e-01 5.206250810729906586e-01
-2.800334114273190789e-01 3.045226642757381530e-01
-5.602573626184179645e-01 2.343073554755688015e-01
7.856850701824777961e-01 8.556705844626346646e-01
-2.185967268353850024e-02 4.750348410814021483e-01
9.949897947572547974e-01 9.434597842303007464e-01
-8.602100635845701948e-01 3.566995053920486436e-01
-1.966837044096125808e-02 5.143676080410883866e-01
3.697880930874064553e-02 9.735787412357904680e-01
-4.542629341614097260e-01 7.190179868823198817e-02
6.583880045803347514e-03 7.956298204397416196e-01
-7.382985999781235265e-01 2.466507375285250658e-01
-1.886156921903163752e-01 1.205211284796403604e-02
-2.146595298920899175e-01 4.859540832724469350e-01
-1.510184486312793339e-03 8.081030555354148381e-01
9.851111879165699303e-01 4.014211541071793787e-01
-2.911520029945966481e-01 5.472462294904223423e-02
1.482897294256724230e-02 5.068838360978908941e-01
1.854234989398106936e-01 9.618951466588774313e-01
-9.167871481702181136e-01 3.459780375883682035e-01
9.917711089528569168e-02 2.724458762836323711e-02
2.269089587480599413e-02 4.089733577643039908e-01
7.483967162476816704e-01 2.616642929243149229e-01
5.598935860352316496e-03 8.346445175515414538e-01
1.837546510997278837e-02 9.417730240483163096e-01
1.047637192052730537e-01 3.568323183184832770e-01
5.630758789802792208e-03 5.785916343762297354e-01
-6.262105353681990394e-03 3.757022301722823254e-01
1.180399699279477410e-02 6.269116916921021465e-01
-6.360780978468876246e-01 1.145924325029722413e-01
-1.115042843606506295e-02 5.753812168431592378e-01
-2.921421707892719599e-01 2.406119535909932994e-01
-4.440849277585778854e-01 6.188734876754763414e-01
8.538371765568180116e-01 3.916361071154247364e-01
6.609277208773356449e-03 8.508308787586676969e-01
3.750248744440964899e-03 6.651519266060901270e-02
5.578406765014993773e-01 7.218497934641471270e-01
-5.867245011725323867e-01 1.591570441971175143e-01
-6.452873157269143345e-01 6.040209600549386604e-01
4.209260374981604880e-01 4.679925320715279113e-01
8.323814799138202769e-01 3.094311405745930887e-01
9.237399493504248049e-01 3.188346694560832972e-01
-8.081552678884662555e-04 5.302510473615468234e-01
-6.851640396365767938e-01 9.445644380924158590e-01
7.142648778548643662e-02 6.747569531348440730e-01
-9.489483470910831109e-02 9.277867348542752080e-01
-8.553047193310181484e-03 4.240579417092189551e-01
3.718860286117093850e-01 1.869802165424523377e-01
-2.109833493929613724e-02 4.805265031430804301e-01
-7.489672137197413981e-01 5.080825257427266095e-01
-2.645749808901376454e-02 2.771899323931429349e-01
5.259650997772922221e-01 5.428181794300974694e-01
-1.285812744641345873e-03 6.640543651995086671e-01
-7.733280280794896377e-02 5.020238877261722354e-01
5.461777182154241572e-01 9.809281883331100182e-02
3.204624147236900811e-02 9.608831373177914026e-01
1.777940031445979230e-02 8.189230266761322596e-01
1.174655849444761202e-02 6.363836458260867524e-01
-7.972856533592609374e-01 1.954224509713604618e-01
1.437971201885246408e-02 2.386161905949935047e-01
1.658100487610369989e-02 9.047328880732590228e-01
-8.522965304377216889e-02 9.407777366729752622e-02
7.166235662904085757e-03 7.564153047113610917e-01
2.503302447902555627e-02 9.794301315756784865e-01
8.391200224248223094e-01 3.142188667674074010e-01
3.403652905692429176e-01 4.655493321323314060e-01
-9.883271101934569813e-01 9.675303919739984826e-01
6.633723419167949498e-01 2.210763604966929918e-01
-1.174787765717466570e-01 4.120726982584718145e-01
1.936558831868440134e-01 7.539814456409322796e-01
1.187332268589336159e-02 4.934425456475425298e-01
-7.523564630017105515e-01 8.086567728336878647e-01
-9.621179084333753018e-02 4.810203491116599173e-01
8.426969856970782935e-01 9.742128828728819911e-01
6.997870374857126929e-01 3.706653868722961098e-01
2.278824976467364039e-03 4.336224474827019559e-01
1.108213674503311097e-02 9.879758318498469416e-01
4.730585423982629489e-01 3.273933074098783758e-01
8.751286321502860233e-02 9.298529845574444730e-01
-9.043220450176070457e-01 7.463861292374478484e-01
-6.840708575527763013e-01 3.793726490518738448e-01
7.671296961603097930e-01 9.259375561191629522e-02
2.345132113804382357e-02 6.263959271315013844e-01
1.619563123033849195e-01 1.942336181055576150e-01
-2.928692677645750031e-02 5.213663848934890765e-01
9.031473759687087544e-01 6.100013457283104401e-02
-9.672998619229096207e-01 8.059491279967382349e-01
4.852835306076479505e-01 3.041252439860419043e-01
7.296330304993006166e-01 5.649449568822703105e-01
-5.798713311338345999e-01 5.091240114356833102e-01
-5.747976027798789023e-01 5.629995411723500709e-01
6.391386003872201460e-01 1.233969243032654317e-01
8.847738194848113746e-01 2.584718325671969685e-01
1.710427854995866248e-02 5.327327216642037122e-01
7.421008741958834420e-03 4.060063910976925428e-01
5.144431559578670488e-01 1.843209711916675708e-01
-2.081947103141068567e-02 3.735748542969553609e-01
9.928356598869481076e-04 5.068879666783231430e-01
5.355249089303735222e-01 9.531025566238292557e-01
1.008878454237382982e-02 7.832974252696550677e-01
6.676565458005472298e-01 3.596062053058864949e-01
-7.439059065201267806e-01 2.662444818631104493e-02
2.591773306361335738e-01 5.111753641164773487e-02
1.912160332027146303e-02 8.157329093807804687e-01
-2.114270215321569779e-01 2.800628088951262473e-02
-7.882430063531438158e-01 5.013355741659120124e-01
-8.317070568543281084e-01 1.121733231906095751e-01
-7.459384625668117330e-01 9.252617708428245713e-02
6.411904762036486627e-01 9.703228061299483675e-01
1.440835812915683967e-01 8.116816721318634853e-01
-2.135501284925231946e-01 4.309422094082312471e-01
7.661591971453936001e-01 6.089630091120598054e-01
9.458360263719711725e-03 4.636531190038044592e-01
-3.158551098236161980e-01 6.691935624692905149e-01
-4.511469760171804566e-03 6.176381499106604611e-01
3.807188831528751649e-03 7.337720686529890513e-01
3.457290165973807561e-01 5.043757623646367705e-01
-2.593488481569461435e-02 4.437697106119853352e-01
2.263013742918951188e-02 7.410277532022718772e-01
-2.613958528716571195e-01 1.791036695041164917e-01
-4.421160381908286752e-01 1.776704850026261662e-01
2.023975224450969002e-02 7.202411862879831705e-01
-1.546746981756250694e-01 3.804799366403853744e-01
-2.745850127470297330e-01 1.684285794972004702e-01
-5.197176518691111191e-01 9.505064579196359498e-01
2.380316879100017324e-01 9.411359676307617939e-02
4.607536372386507040e-01 2.765077287684709617e-01
4.472094315911059326e-01 2.852539050527355124e-01
-6.213859452387404669e-01 3.818812306972351189e-01
-5.492404697777137912e-01 5.172941601150837787e-02
-8.183082361116091885e-01 1.849502976933323772e-01
-2.391375493185199375e-02 3.592006067441096961e-01
3.520648425744739018e-01 9.164260269997963615e-01
2.616344488066846274e-02 9.423667668250200746e-01
5.765317004241321541e-03 8.465821586521393716e-01
4.088368935160500151e-01 2.134560090536172794e-01
-1.320668799237445512e-02 7.846123303676845184e-01
2.826280842767614487e-02 9.419190869328269988e-01
-1.536641931992566157e-02 3.178323755827424657e-01
2.042168886497441882e-02 7.899930888233066550e-01
-7.036260783901715499e-01 2.332675026126613815e-01
-4.655135142965538542e-02 4.982207131612714779e-02
-8.421577761421648045e-01 7.145635521239932508e-01
-4.781249259500954807e-01 8.006578508968688057e-01
-5.588392082428739194e-01 1.177939123837064006e-01
2.865336742239661394e-01 3.459541750090170398e-01
-5.319161717080611584e-01 2.179374203890444006e-01
2.394003033526346247e-01 5.743726386106348114e-01
9.053083052509172113e-01 1.453952506574444081e-01
4.705951391943807849e-01 6.946934504277323397e-01
2.573572685502907298e-01 2.413249173274620851e-01
1.842766021127695275e-02 6.635264142335109971e-01
-1.564571088405930510e-02 3.422938716243999480e-01
6.535180056973204366e-01 3.670767422711117556e-01
1.724183035869546465e-01 3.175693726065801359e-01
3.131678379263358458e-02 9.665394150587206523e-01
6.516500393808879465e-01 7.746686375813285341e-01
2.179604848840399622e-01 3.257153788593125654e-02
7.253407258664670287e-01 6.116883475163176209e-01
-2.069619129116004874e-01 4.612917982258291083e-02
8.861159162771414799e-03 6.200385874854184021e-01
2.461573652504012166e-02 8.170276616179970031e-01
3.436170496381503181e-01 4.757769244139161691e-01
3.473964872408232818e-01 6.220778256173551402e-01
-2.352616182039413140e-02 5.239788843367780835e-01
-5.078239418560004381e-03 4.586142713066233556e-01
7.384135647974996441e-01 9.485840506750050638e-01
4.193021985483447178e-01 7.484999473920493918e-01
4.765325723215867448e-01 2.865429397205971895e-01
-1.208618848165854409e-02 3.458458967959664454e-01
6.790166835211348673e-01 4.678236895787105665e-01
2.556192586477568085e-01 2.075322720085046591e-01
3.449535575023796596e-01 4.490455286055087258e-01
-6.038003007723005133e-01 4.261919833583113215e-01
1.377402288678331033e-03 4.244776540107541019e-01
2.086797369879245245e-02 7.623103710672687328e-01
-1.242233176084737156e-01 3.804444083080507077e-01
6.719121538388819204e-01 7.642824933434623214e-01
-9.154118511280813220e-01 2.167092087951900670e-01
-3.012110387093613895e-02 4.649454736904857777e-01
6.945080316483061011e-01 8.258768448528707173e-01
-4.929233908428725108e-01 5.920685787047671456e-01
-2.843428049178553518e-01 3.534176594974313135e-01
2.145114326051993370e-01 5.429602425980459834e-01
3.851136669461767692e-01 8.289794148253245565e-01
5.002934042105022794e-01 9.497230874051336702e-01
-1.616294387846028968e-02 4.998996341938870547e-01
8.852208475092826490e-03 6.689600533987656306e-01
-1.932581099275854086e-03 3.932535930739763375e-01
8.107436356900183938e-01 9.745946872998904054e-01
-1.230247576884282434e-01 3.174704661427458774e-01
-1.236478755175518529e-03 5.138165959511041825e-01
3.947545680824495751e-01 2.479387815573652620e-01
6.781294557389057065e-01 2.406395064472212075e-01
6.088094957024754450e-01 3.852325896692144758e-01
2.650304598191599581e-03 3.530145734777142552e-01
-1.192043395549235996e-03 5.569162283391950741e-01
-9.524346258916005503e-02 8.604181923038383140e-01
-1.490415589034355115e-02 4.260751226252151858e-01
3.098085293042707189e-01 8.074559125931666248e-01
9.384207704481983825e-01 3.735853357828047283e-01
-7.543815929287989164e-03 3.957456089608530903e-01
-2.132549103795566836e-03 8.113721834460426718e-01
-2.311025509649833332e-02 3.168821623900875961e-01
8.091265511072975869e-03 6.959298494539767344e-01
9.124276573840739424e-01 4.885681347763430882e-01
-7.564363209019118184e-01 1.378442565372850481e-01
8.688712693845250801e-01 4.219661133055488955e-01
1.623139772866744046e-02 7.555264777741735882e-01
4.943801108977783354e-01 5.841433753994700329e-01
-4.000617049704551231e-01 6.950609267129563840e-01
2.261861227108985517e-02 5.666074809008785351e-01
-1.397185707932959708e-01 4.107432540242490493e-01
-1.922665656190170047e-02 1.314589987044054720e-01
-4.683677148927367639e-03 4.395395373466798317e-01
7.066072992060716818e-01 7.262241248048159070e-01
-1.313241799431108525e-02 2.198576423813188851e-01
7.386748497910746725e-01 3.856283392687556155e-01
8.889886581280423972e-01 7.774699673008236278e-01
