8.768207553353946082e-03 4.912165654999065545e-01
-6.611499172486607900e-01 1.952120749965750024e-01
-8.980821836171062333e-01 2.710527854406715731e-01
-5.463830287684248166e-01 1.400816103006071733e-01
9.342009999924394403e-01 6.025841921329813111e-01
1.593589892504259087e-01 3.298174204780968122e-01
8.972841368630235515e-02 4.913599037686920967e-01
3.532113118618405156e-01 6.648077881190781468e-01
1.172069005601621416e-01 7.775885412226097859e-01
8.888191315722266950e-01 2.962931413993135088e-01
4.196301814972169808e-02 2.066508909849900100e-01
1.289856293493605310e-01 6.367113439132362496e-01
-9.193408961770874743e-01 2.915143574877959720e-01
1.557936799196717459e-01 7.333289519781355237e-01
1.505100114930493227e-01 9.837258223776031985e-01
9.373856584256015090e-01 4.673641882516705870e-01
1.744421142839525096e-02 5.977544754814156924e-01
8.729343275402796642e-01 6.732639156878856834e-01
9.797228066755558906e-02 5.290594386840759000e-01
1.486282502690789986e-01 8.408653630581646166e-01
3.778786912966491940e-02 1.895300391458528688e-01
-8.000231908467254627e-01 2.464242244453549446e-01
9.105829086752963430e-01 1.131861988229442284e-01
1.919114752556481118e-01 9.747542274697612585e-01
9.253257378375989717e-02 6.834787356054357055e-01
-3.301738298038836561e-02 4.881795443799847867e-01
1.656697194194232114e-01 8.250761358983368376e-01
1.019476977203175316e-01 5.275014533286802587e-01
-1.075758837830398384e-02 4.971999565495807127e-01
4.344009098655443601e-02 3.496950371825533477e-01
1.088601552067183231e-01 8.133957027845404308e-01
4.341773446170487105e-01 3.058655507877869884e-01
-9.342102381107064701e-02 2.659972205296500247e-01
-3.050329330618550827e-03 4.051404078692174560e-01
-6.101494448317557051e-01 1.835477373683681579e-01
9.414861477426406111e-01 6.245975662100166081e-01
2.328691470475805492e-01 1.109913143677724312e-01
1.536803337177750084e-01 8.244925024330413965e-01
-8.858830494731446681e-01 3.979877437862638923e-01
1.920126340936767484e-01 9.976898953999082664e-01
7.220153377915661252e-02 6.162003004192585509e-01
-6.737130998276559257e-01 3.366846961346491307e-01
1.791471630940639770e-01 7.712612099307882829e-01
-8.622105375666742066e-01 5.896684237003123608e-01
5.520504145314355515e-01 3.361600567350490065e-01
7.102371886887315355e-02 3.763997360110610257e-01
1.776436008666331112e-01 8.928266979796015690e-01
4.211190307090406648e-02 1.557317042265421447e-01
2.489116675865576944e-01 4.787324090665763254e-01
4.855184942981518592e-01 5.428380510487085253e-02
-3.683781154085215004e-01 9.495611225822417900e-01
2.761385896628052450e-01 4.824206961636956503e-02
-5.013803889764427701e-01 8.683176573849089586e-01
3.907284580185788059e-02 1.623667049680689312e-01
8.542038602415646942e-02 6.601269918433615436e-01
8.189952673648985826e-01 4.044927928495123393e-01
1.342629493215661274e-01 9.310937843414073267e-01
9.282280347382156904e-01 9.915207261664519267e-01
6.876056038499485101e-01 1.350083547804038497e-01
9.029077411616213134e-01 3.012287071936782246e-01
1.175396077514250237e-01 6.985170973271982442e-01
1.438467757357626553e-01 9.279554410226547034e-01
-8.555824707745449675e-01 1.950329394185255083e-01
3.251693600092460112e-01 9.843942901553983660e-01
3.191893451839673546e-01 8.640869529650951897e-01
3.496553673177094090e-02 6.873956622439880704e-02
-7.834164403362349205e-01 4.393713433150953085e-01
2.530214328562128134e-01 9.453042906366029285e-01
6.506407121033765950e-01 7.051161009414348424e-01
6.517729670296794620e-01 8.593711825786904956e-01
6.075296614890413061e-02 4.390241601910812586e-01
1.067776058411891160e-01 5.189355596512158497e-01
-5.619377735860564549e-02 3.799497187933585929e-01
8.674490001470069878e-02 4.624558027802503357e-01
1.215608984516955982e-01 8.472401440723545951e-01
1.421259313011473679e-01 7.741602340102475832e-01
-7.240420106827181179e-01 9.870260881925068119e-01
-8.617305835653601420e-01 3.450569999614854222e-01
4.133741828049815048e-01 3.528999519881137470e-02
1.518507912719304631e-01 3.265817672625042078e-01
2.205992877962084098e-01 9.745823306573992983e-01
4.937136331951164081e-02 3.068957290208274014e-01
5.267998469489709734e-02 3.831385383414824819e-01
1.152920920554059148e-01 6.558177701221650224e-01
7.649480660749508054e-02 4.239513035269024677e-01
6.278094975482129136e-01 2.953936277491308049e-01
-5.850586795771191007e-01 3.268787173929166290e-02
7.826929511142983742e-01 9.857481033243530311e-01
6.686482650270542116e-02 6.289983971735295665e-01
-1.258179388291882361e-01 9.024020230598502890e-01
1.454707750523569487e-01 8.018876800640798441e-01
-8.291410311534550548e-01 1.591437884860853469e-01
6.026053209462767235e-02 4.026889313240378243e-01
5.847582551773933268e-02 2.888720045929643598e-01
1.279699082720051617e-01 6.051471749858339244e-01
8.033278554157026186e-01 4.207611803528702454e-01
-7.246309981645870923e-01 3.381902179233620132e-01
-5.839010769295038816e-01 4.484953205907439289e-01
1.400794808714296291e-01 6.878283725531484372e-01
1.487033117626219703e-01 6.234597922405735737e-01
8.584595369369443230e-01 8.906601238188106562e-01
-6.729472837273497987e-02 6.127618266785402890e-01
9.204979386234417582e-01 4.077264555924637879e-01
7.934484480751358149e-02 4.468299406771519822e-01
-8.134656309826002740e-01 1.793815833930549886e-01
6.076933579579568701e-02 3.580860554282772057e-01
-3.620136002211493675e-02 4.790269416283718940e-01
1.073119529679527062e-01 4.196387654422030211e-01
1.300616762717958785e-01 7.161077223082839005e-01
1.163171903420068265e-01 5.068735461063311742e-01
1.056411885729227063e-01 5.149555302618946673e-01
1.893214163052248100e-01 9.098362820080820867e-01
1.054101135646714482e-01 5.840901678488380488e-01
1.158752629013020119e-01 5.143174025472121436e-01
7.370971288809502475e-02 3.645320334169248611e-01
-6.497890851007086521e-01 8.306330910277764934e-01
8.717653710857242721e-02 1.055432681557084695e-01
9.392194995323888129e-02 3.349281166400219778e-01
-1.405179588559024584e-01 7.174374664785546640e-01
6.263929624165796017e-01 9.418184959964988057e-01
-2.539657830943342631e-01 3.181130499303451709e-01
1.126345188453781176e-01 6.195801024337286300e-01
2.196067494122377894e-03 1.018985918682586700e-01
7.456356133215964466e-01 5.245943150897415252e-01
-8.808487361764147927e-01 2.690867617982770632e-01
9.389383498152858998e-02 4.798115657043154902e-01
6.342948370230980792e-01 6.519454018934800477e-01
8.314356492809849009e-02 2.875294377640781329e-01
-9.232681537652587256e-01 9.521994252512605561e-01
-8.171019375113064420e-01 9.080298296462289143e-01
6.649213760822179076e-01 5.687036075284745973e-01
-5.350753178856633152e-01 2.629460796127967015e-01
4.669656793575649445e-02 2.193105659831691145e-01
1.315904096678341961e-01 6.734740415647371137e-01
1.336564826300614683e-01 7.581808650898478330e-01
6.015935532896765636e-02 3.085744159684191690e-01
8.755825920728232958e-02 4.996987030063426705e-01
-3.311670989117885266e-01 3.562096223272872564e-01
6.261501480633739902e-01 4.842143088937158613e-01
1.583206486604793461e-01 7.635796851619599535e-01
5.440265684710032801e-01 5.122833059630172992e-01
1.590999042520186979e-01 8.396048122760242371e-01
1.136567466077111899e-01 7.524550728658925269e-01
4.756702521343589840e-01 8.179564633741415181e-01
1.961000515197370841e-01 9.290301202835457017e-01
1.470666556374593537e-01 7.367777057222874015e-01
1.105489875789182896e-01 6.820725561769147571e-01
4.483585466513484441e-02 7.413755769130675466e-01
3.451174117280328968e-01 8.114083892249926988e-01
-5.909327169523101997e-01 7.620187254286461265e-01
3.519776949042747738e-01 2.518479739393151284e-01
1.743909798825926671e-01 8.911434965156879162e-01
-3.490606826432813836e-01 6.860787945452129222e-02
-4.783139014474495632e-01 4.951040053564464971e-01
2.485662316138543826e-01 4.432133717129527195e-01
-8.795693447254171460e-03 3.445506016129644689e-01
1.011932097738368341e-01 6.936198657780103805e-01
8.308711648617848056e-01 5.409030959427790775e-01
-9.585596429179064071e-01 1.807393617082564408e-02
7.562324354318672448e-02 1.688674939497158967e-01
-5.670161279071384008e-01 1.809257386191096550e-01
3.634789691261530731e-01 2.187533235065782788e-01
1.373133406907363074e-01 9.883443018649147316e-01
5.118532095584904518e-02 5.046255530105887566e-01
1.186824476354637614e-01 7.994447044914739786e-01
5.267943235096375076e-01 9.364965538191971639e-01
1.866897615761400342e-01 9.571527080690349631e-01
1.162285510406309008e-01 7.160467091996800537e-01
1.486569226404848010e-01 7.814513712481193641e-01
-9.573227420922674202e-01 7.589042125038930608e-01
2.874132418875092743e-01 4.196695895264846987e-01
9.390784165263166283e-01 1.881692316507183049e-01
8.567043579291457878e-01 7.301567240625465027e-01
-9.007469543522539368e-01 7.915274811682685430e-01
2.097384358771137158e-02 4.108854575989081548e-01
1.328550994102641880e-01 9.495012063717460649e-01
-2.588956926972374450e-01 1.433684503200870486e-01
4.980656957354341330e-01 5.716596072324983124e-01
9.879047445471162980e-01 8.798942169213552766e-02
3.221043487649133397e-02 5.084602656687136069e-01
1.274147900909541331e-01 8.733826260277051112e-01
7.243357012332962697e-02 3.307720549412617173e-01
-6.529684045149550808e-01 6.766374900841559681e-01
-5.318141042563535592e-01 5.763808174195486078e-01
3.301414408501643916e-01 2.301192608154870589e-01
5.126021548185706322e-01 2.127997399337369089e-01
-7.048579276065165544e-01 9.369558442764770456e-01
-6.393009716640822848e-01 1.401465394332274128e-01
3.217866743594255396e-02 4.722998557320547963e-01
-5.666486424588694781e-01 1.286482217605461331e-01
1.057078995144722366e-01 7.232337450271905110e-01
2.573142213672416911e-01 8.441684423241303525e-01
3.162909863005649580e-01 1.077152073080750450e-01
6.292572090035686294e-02 7.629640645379163200e-01
1.229591794323590115e-01 6.317216969529794168e-01
-1.028646135121169536e-02 2.074468307140909795e-01
1.090319679548388265e-01 4.829948196863375065e-01
1.191064739526703775e-02 5.033462235665153717e-02
7.650004934673404478e-02 3.979919821786279677e-01
4.470458918406239324e-01 4.516412260193231054e-01
