7.533860783294161756e-01 8.871372090323790260e-01
2.741510901037160775e-01 5.188377934105082856e-01
-3.256765681772031407e-01 1.056497648803778056e-03
5.770790963890175540e-01 6.605346197099015715e-01
-7.204392680564006834e-01 5.262268958917204476e-02
-3.365024330000876418e-01 9.866392155261536345e-01
-1.050584408976160677e-01 7.669301649862935166e-01
2.060700506269810273e-01 9.130481451337397747e-01
-8.247390238760110570e-01 5.209295394852656580e-01
-9.240596727514249764e-01 5.595602746239014547e-01
-6.883612725170202840e-01 4.850494177780809713e-01
-4.154715706390037511e-01 4.540570444439010478e-01
-2.893064036420984753e-01 5.599485077288047785e-01
3.114157755426527618e-01 2.889176740494545648e-01
2.848914945894922557e-01 4.490773667185616880e-01
3.645485011552356269e-01 7.888918703716877312e-01
-7.336540094862542549e-01 1.218275741800833867e-02
-7.593509176668036265e-01 2.766986160326651012e-01
-2.354645256631102690e-01 2.891200796844536347e-01
2.588705694661972423e-01 4.197560094401602271e-01
1.607607579724150693e-01 2.289288055364021579e-01
2.334407039097725622e-01 4.752776797294182565e-01
7.161316953628096282e-01 3.607003635565541044e-01
6.678331637791357078e-01 2.440135607022758668e-01
-2.637580676724760043e-01 8.841462963247852525e-01
-8.984429030007732297e-01 6.310891967693359472e-01
2.685047000487106317e-01 6.855315570212699994e-01
-8.503524010348524342e-01 8.408440668095951143e-01
-3.805167406087994753e-01 5.316149823912007522e-01
6.441758302232254429e-01 8.376412498847344290e-01
-4.457749424248496073e-01 1.161263686531104344e-01
9.333744747092342919e-01 6.575966604996603682e-01
2.169307390685772940e-01 9.464094009755648074e-01
-4.401621044912391589e-01 1.109719362741201643e-01
9.988914674272624250e-01 5.284924853120613886e-01
-2.628086605479125204e-01 9.398966507300057227e-01
-1.690990449237137483e-01 5.756466297432643042e-01
-4.823578548043596648e-01 2.955448027070062267e-01
8.349804760897894251e-01 4.247789244120522278e-01
6.823194303694446461e-02 1.367157539579366698e-02
2.132523133150430183e-01 3.414015371087808504e-02
5.071987523900880479e-01 8.613976203800550735e-01
7.107850087331473166e-01 7.474458481647874297e-01
6.817311223518784935e-02 9.844106355634757444e-01
-3.468794382321109815e-01 1.119983932492957246e-01
-3.836178151910558665e-01 4.384769181450245412e-01
5.999947193064694151e-01 7.879487910835478726e-01
7.647882691701166635e-01 9.570406692867551302e-01
2.611879868154420858e-01 9.855438691265141493e-01
4.413592329640574352e-01 2.196364975694173882e-01
7.638941992174170803e-01 4.961821465046776236e-01
1.603500226577803112e-02 9.084763711202662462e-01
6.583749365196687187e-01 5.767085870070280951e-01
9.304980694109008521e-01 9.953943620851809504e-01
-1.816606463086960499e-01 4.204125079415734767e-01
9.530428262316037458e-01 3.210398609038008777e-01
-1.363316706564958736e-01 7.570844393171640707e-01
-4.960304304920024610e-01 2.595577237763020406e-01
-6.531072108700630707e-01 1.166622868954959591e-01
9.649595101856589530e-01 4.252419850146278435e-01
-3.242710727547359895e-01 7.361883072476145262e-01
5.128542668741702393e-01 8.811894753184633666e-01
-1.859372308060376344e-01 7.082972448149322808e-01
-8.342774067229150603e-01 5.029427805852587641e-01
-3.413860027879995762e-01 2.839791559966740042e-01
3.842404949906508271e-02 4.890009983221920153e-01
8.799883069640341837e-01 5.158714063889655588e-01
-2.157233020248914279e-01 4.457117892843460716e-01
-3.006320585714565841e-01 1.902508292491588149e-01
-7.589862009428516298e-01 1.223240028733449947e-01
-9.018372009297168646e-01 6.266782170880557112e-01
4.888577115983072652e-02 1.131159056658104234e-01
3.393930446394581857e-01 6.353087188288684128e-01
-2.725740574690713736e-01 5.850568065920224159e-01
1.122307358504588404e-01 2.936277562959177523e-01
9.746266723660599318e-01 4.478772923301095332e-01
3.977110857879300188e-01 9.124180046137608802e-01
-9.855471107860418467e-01 5.066477203182949696e-01
8.719327636271163584e-01 4.814782134687340953e-01
2.439932113627765187e-01 5.971023710135665574e-01
3.760548499244560361e-01 1.381913293939485143e-02
4.565929157729651244e-01 7.880713521425808388e-02
3.699647408976016738e-01 4.239840792937860092e-01
7.560424043195932420e-01 4.551538497680459594e-01
-7.801921952597068444e-01 1.775040011566456633e-01
8.808378005164974045e-01 9.317037971454270595e-01
3.521346725082576956e-01 2.853795142282685715e-01
7.047664685179189092e-01 9.613178144924608981e-01
2.473159290237645358e-01 8.742990204552190114e-01
3.170138846375021302e-01 7.544035512844942115e-01
-3.758008756081598900e-01 8.122413774946426468e-01
2.670753755345893765e-01 1.471030916536322231e-01
1.108703981452672238e-01 2.336476239975120439e-01
-1.585641144350122822e-01 2.605378172714416518e-01
-6.800472366961682891e-01 1.247806852259464305e-01
8.381951940696263925e-02 7.348853421120704610e-01
-6.518817521978914620e-02 9.401895467698367925e-01
-9.675547363192782413e-01 5.582876436916017759e-01
-6.727102521211376640e-01 8.595201111464236821e-01
4.344526013997607183e-01 7.207175617312161497e-01
2.240607304370632047e-01 8.436862233997866056e-01
8.374372757948371770e-01 4.451868692099669733e-01
-7.526247569799402459e-01 9.181593066270099524e-02
1.970113490616480778e-01 2.890941666397721654e-01
-6.085737039956544692e-01 4.777879809599165917e-01
-4.070800628935065113e-01 4.688289721240531671e-01
-3.054802064009838336e-01 8.638485625972325277e-02
-2.310439048191104128e-02 7.103982547286027405e-01
2.222379858891281312e-01 2.334736762568785373e-01
5.079366453887372845e-01 9.691720428249084307e-02
-2.973219445740451494e-01 9.561506039786488165e-01
6.001793146628540132e-01 6.410554139140778318e-01
5.433935573330201940e-01 8.372990898152424810e-01
8.621659589284675906e-01 9.827304350300570812e-01
1.545862925996455139e-02 9.445946160243738898e-01
5.760710214442812394e-01 6.119643532509295714e-01
-4.580837241156221484e-01 2.426950914236124524e-01
-8.691273531469918545e-01 2.973405131638365839e-01
-2.787717921987664660e-01 8.575968360118149114e-01
3.033943217327725872e-01 8.246840358853886332e-01
-1.228155211034740457e-01 2.434640658936887414e-01
-4.916304025033513270e-02 1.918775883975654128e-01
-6.326379843492728750e-01 8.564197174221760411e-01
5.318058067674662492e-01 6.469967693136835507e-02
-7.728114657126659015e-01 6.990298091455974250e-01
-9.935130585085159005e-01 9.281176104844701680e-01
-9.476936911422537690e-01 2.616065415233007618e-01
1.844398974650622858e-01 1.613635150719142652e-01
-4.624951042004612489e-01 2.063805771012163781e-01
7.518255230554427015e-01 4.230565905006454797e-01
-7.307040006576752678e-01 8.849565663449341368e-01
9.278131261793456375e-01 1.686297991221108461e-01
-6.869285471430774948e-01 6.578269174624996607e-01
9.174149824828918831e-01 5.169046583885061885e-03
5.511050591352018024e-01 7.901064845484213617e-01
1.192586681635028345e-01 3.166311099293658282e-01
-6.742979793689709567e-01 8.750165500727851153e-01
-6.396243478193373022e-01 6.793550503264020879e-01
3.685540542537708575e-01 7.465507601006300398e-01
-6.662565816706900179e-02 5.413249868703517986e-02
-2.230057863444407928e-01 6.759710320628650182e-01
-8.371186664118110965e-01 8.467705039935593536e-01
4.511385232691484948e-01 5.957248057417929843e-03
2.845938857225822627e-01 6.767005028863667393e-01
-3.698389347349761991e-01 3.493489577313694250e-01
3.715202972165987383e-01 1.590391185379115280e-01
-9.492313869731416887e-02 7.872895645314114121e-01
8.189604818744526948e-01 2.525997785663193218e-01
3.055706275052019194e-01 9.228063211097556895e-01
1.966633276360261195e-01 1.127106965737817434e-01
3.767728895596516026e-01 2.190131237596026903e-01
7.654245013814620080e-01 5.769677155719294959e-01
6.951472248887755612e-01 3.119592651755285218e-01
9.094388199091556491e-01 6.053700173911784610e-01
-4.541474927937816375e-02 2.095661056143196532e-01
-7.136448464053981589e-01 6.472088351708260578e-02
-3.364529884221130196e-01 6.414255407448209434e-01
7.038956678855434745e-02 5.982181128160188877e-01
6.537994710877661486e-01 7.602262949412486037e-01
-7.787902941008844060e-01 5.653729390490398465e-01
9.254675655311506155e-01 3.353747732131023840e-01
8.652836706950766121e-01 9.100493414266384029e-01
8.905577291317947619e-01 8.543778357963774939e-01
2.595411403147518392e-02 3.899515773479762526e-01
-7.625239438904054534e-01 1.824677661365811110e-01
1.045694437365503049e-01 1.705987195144857971e-01
8.783108504212824297e-01 5.950774787195503013e-01
2.279860631824819350e-01 8.146528497958089865e-01
7.640291088859350044e-01 5.102935137958191092e-01
-9.083966751439880305e-01 2.199081447166852943e-01
5.192931398246474206e-01 5.267886025103418746e-01
1.118832861720562288e-01 1.489559198413714647e-02
4.719536008718705489e-01 5.434158020221691032e-01
-3.529683533963512421e-01 9.692742333031095781e-01
1.860289338397651537e-01 5.889690323407681394e-02
8.536526033916311818e-01 8.558105282088284138e-01
-5.945664927928859811e-01 6.175366193299768325e-01
7.736522121966300514e-01 1.815201683381517661e-02
-3.494634146678845532e-01 3.467205529956284282e-01
5.661988878038806128e-01 6.674911365575814104e-01
-3.545883724225402656e-01 5.966882087907876553e-02
-5.583357605875067797e-01 7.371508713977708016e-01
-3.335848839100479246e-01 1.654351727743857969e-01
8.884603924209149017e-01 3.742072030309421260e-01
-1.005547892037579327e-01 4.522279509226500016e-01
-4.166889639216300179e-01 1.196708020645330661e-01
-9.163465991567947277e-01 3.943216594341736325e-01
2.801730051723483328e-01 2.562666980125604121e-01
-6.601210664672809703e-01 5.365488829984880192e-01
8.159623075186650532e-02 9.845570792671974880e-01
1.587750578920466005e-02 7.416637520826322438e-01
9.236955024138286952e-01 5.223572799353006779e-01
-3.078413210120631849e-01 8.502890462767613844e-01
1.847404901745108852e-01 5.440548741518308473e-01
-1.869649339023558010e-01 3.257374974942219836e-01
3.917767285222775175e-01 5.281048499553131492e-03
-2.201116160036125091e-01 1.852244525957879029e-01
-4.080335039113385243e-01 5.314793443466321321e-01
-3.168412284742270213e-01 3.506310834632704321e-01
-1.061038786919210608e-01 3.075413442306768053e-01
