-2.932829908824974297e-02 2.731776419000254696e-01
-2.198894981092458512e-01 5.349823934308873818e-01
-8.078895194845574501e-01 1.612007967296699151e-01
-1.346187124959818959e-03 3.369749021740474637e-01
-7.172181389705054588e-01 1.283127280546473292e-01
-9.802789380567134003e-01 9.978120904211610354e-01
-6.117356612242299541e-01 3.370407448530238215e-01
-6.020664048112556177e-01 9.267808774422869877e-02
-1.026390533838246188e-01 1.012636370646791129e-01
8.186952801196367702e-01 5.666654250841999252e-01
5.669486561562413485e-01 7.628617002494919586e-01
1.963114998478381334e-01 2.967106741068947784e-01
-1.919799905887975555e-03 2.836710348874800225e-01
5.420557127132048514e-01 5.492525489427695362e-01
-1.021271964180561209e-01 1.118478167598818684e-01
-8.482695354719849146e-01 8.443709728065856845e-01
4.741207435289818140e-01 2.026091175620209350e-01
5.477210421019389486e-01 9.100128863059470108e-01
8.314822416139198147e-01 4.118449172274371017e-01
-5.159261742969234454e-02 2.610948791565171900e-01
-9.947906083716744341e-01 2.869005449272066244e-01
-3.014746944157982167e-01 7.153341588454775746e-02
3.130582642962398410e-03 3.440934576100055375e-01
-3.238974943513106552e-03 6.772587482241626544e-01
8.193589501489506599e-01 2.887942971046372209e-01
-6.967870449798996280e-01 7.106815920840341416e-01
3.546559370285251589e-03 2.849441874820500820e-01
-8.567982831424036938e-01 4.332642984748380499e-02
-1.060729524905514864e-01 4.607953775428025311e-01
9.460844979430724777e-01 2.297447523804141412e-01
-8.380370455607799585e-02 1.472225880958801802e-01
8.658541705558830959e-01 9.956798767239369852e-01
-3.393650768220659586e-01 8.142368683596893364e-01
-6.675651038896632805e-01 7.938078740499935337e-01
5.356045504680424507e-01 3.994138433937642896e-01
1.432984070632705720e-01 4.293806490823377509e-01
2.990387892520742774e-01 7.161677131195398616e-02
1.558420973633900530e-03 5.256397505283814109e-01
1.432512578839761908e-01 2.767785298495846202e-01
1.379557976770806604e-03 4.178622266542375563e-01
-4.995657521445675542e-01 2.168496006195136383e-01
-5.480638814666807246e-01 6.771328229555373390e-02
7.424255566324160505e-01 9.012229347475667618e-01
2.918535867811953288e-01 1.997127689333805245e-01
-1.120337937105864157e-03 4.925471105278491635e-01
-7.430365580582243279e-01 5.345086507290055522e-01
7.544319340147387365e-01 4.614155095814056473e-01
-3.309740568604668809e-03 8.325499006879213404e-01
-9.562380914173218560e-01 2.623890196758099647e-01
5.906428096872140543e-03 2.686738808273027024e-01
-6.775342068768837045e-01 9.016453475767169934e-01
6.567173098577208101e-01 7.868918656321817195e-01
-4.737193515023796486e-02 7.414182322317344198e-01
9.242607966015305987e-01 2.691633636639738647e-01
-4.028572983564171484e-01 7.329707758837356035e-02
-1.317032830488233941e-01 8.367631102464955228e-01
-5.715672023503484134e-01 7.050128504164598908e-02
-8.127966788773934859e-01 4.346631871267528924e-01
-1.010070835453851235e-01 2.628317559641401013e-01
-4.666195546439055875e-01 1.040490637195815582e-01
3.028628891828732961e-02 2.396655509121519145e-01
-2.043903527757739980e-03 3.393815845844038170e-01
7.082192106897313710e-01 1.366904614937161089e-01
-9.062696529899700870e-01 8.162665254825879346e-01
2.740503138268373107e-01 4.194311943610223858e-01
5.593924688418905333e-03 4.368006025539142856e-01
2.864870642359704789e-01 6.315050958606938103e-02
9.209569990973331954e-04 5.964787380732917699e-01
-7.698566896363612244e-04 2.785238830425980083e-01
-8.491854950031934024e-01 8.341552790262281025e-01
2.533337691080890242e-01 2.199198631967425044e-01
-4.586943305645396762e-02 8.302632037942980769e-02
-8.100118535083942195e-01 2.888130156611060650e-01
1.303362682345854395e-01 1.101782283682418706e-01
-2.045421190054426130e-01 1.752582156238263744e-01
9.852231677319416292e-01 1.356101007353966992e-01
8.931282722129172402e-01 1.683443714126237056e-01
6.954192605724756060e-01 4.180588998167391601e-01
-3.714288691407481302e-01 4.493768912636535440e-01
4.772932678806185436e-03 3.827421593612038153e-01
-6.643837866274902026e-01 2.180499776356492614e-01
3.002691584894376930e-01 9.905705654114953518e-01
9.238575109557478626e-02 4.621161719893228659e-01
-3.540216142894547779e-01 3.650389504653768213e-01
8.756537179728907105e-02 3.460642725667676389e-01
1.290979301183836636e-01 3.251642566045940264e-01
-4.713312360339723117e-01 7.755101371389382381e-01
3.171946186093883568e-01 6.619598203158005845e-02
-1.952815081488257221e-03 2.720556011427661680e-01
5.118320464067718234e-01 5.104341244046088910e-01
3.188321401937614930e-01 2.872325327155071939e-01
6.057474874987534008e-05 6.120954155383304673e-01
4.833228060515670776e-03 3.113951126966365557e-01
-9.184051669286004138e-01 6.725121672323181032e-01
-4.443106237405070047e-03 4.238868452247332996e-01
-6.321517164716707882e-01 9.783819137483448225e-01
-9.573864275797898671e-01 3.993175361474067264e-01
3.285070394795086557e-03 2.610342729274869322e-01
7.153935344765223192e-01 6.148840472542802527e-01
-1.301182707036607766e-02 5.031776344190801442e-01
-5.128155425606695239e-02 3.780395702995112961e-01
-2.937084919358319279e-01 1.414775175319575862e-01
2.835438960616132320e-02 3.214808959039029412e-01
7.283240395024237479e-02 2.663749619355952891e-01
-1.560743849293744212e-01 6.835990578473032375e-01
-4.425861129452310916e-01 9.625512674974380234e-01
8.342561757267572542e-01 2.239325513868209994e-01
-5.412074977752594496e-01 1.214073714168886209e-01
9.864624753762241127e-01 7.859348150134648492e-01
4.060464701878707672e-03 3.336678841387179517e-01
1.748117727932307908e-02 8.183307287159121701e-01
-1.000919530458155293e-02 7.915328434937223268e-01
4.499530250847261215e-03 3.323809918065272484e-01
4.276782302366277655e-01 9.388825358417230982e-01
-5.590337384738004456e-01 4.584760847544460116e-01
-6.009356426075338486e-01 4.697595993884884358e-02
-8.996830516965204083e-03 5.013475206141451146e-01
-3.164566842293343729e-01 4.495279688613551539e-01
-2.241999178984350749e-01 6.289220858545707671e-02
-2.532529278646378224e-02 2.896242324281020908e-01
-4.395661971855475691e-01 6.340645772420561155e-02
5.844892040250779797e-01 4.585270790828975818e-01
-3.352389876327153129e-01 2.165504915762378468e-01
-2.946658790914402637e-02 4.995259477483341426e-01
7.250542061024494167e-01 8.365260652020760634e-01
3.605455774622492449e-01 9.843697517237772754e-01
-1.243960484229122976e-01 2.047333720008809310e-01
6.873536874596550827e-01 2.486923916201075890e-01
-2.137732040480500029e-01 8.665126480860796399e-02
6.134699713166380519e-03 8.693910683943215645e-01
9.934013923511730848e-01 2.160328356528529170e-02
3.761707140948713501e-01 1.567927948615174261e-01
1.264195903383722452e-01 8.290686439831007615e-02
4.047518176987630056e-02 3.498967579487526347e-01
1.951651973858152811e-01 1.575356306421467067e-01
-4.451549439142512554e-01 7.381498399130660415e-01
-1.498029794915201052e-03 3.466751736618951529e-01
-1.296204803330220923e-01 6.994804703358006304e-01
-5.457357517735954566e-01 3.963206075206171519e-03
6.128178983969112537e-03 1.082170980485845924e-01
-5.425599525209685581e-01 6.436843062013319905e-01
4.534777631493698280e-01 8.831881404489960730e-01
9.571468614727463020e-03 1.989180829125993810e-01
5.970039824337507461e-01 6.587370335045710235e-01
-3.663453168659991377e-02 2.491943075936516871e-01
-4.438525125337675625e-01 7.119920324150680324e-01
-8.155861546381757421e-01 1.697979795990931517e-01
-1.872951650036489557e-01 3.638727631009364138e-01
6.275943795546412574e-03 9.203767623093405126e-01
2.311783832499243463e-01 3.579566127223847705e-01
4.175928204487755480e-03 1.871112948176832935e-01
-1.545757161239471600e-01 8.594966794310811009e-01
5.433415254679541118e-01 7.242208431731621543e-01
-7.869108113953158234e-01 5.774209738123563529e-01
-1.757633041093400461e-01 2.405436198263620762e-01
1.462761552982991820e-01 7.562583609513526817e-01
2.219687502584344330e-02 2.049938830408772894e-01
2.360983796901194864e-03 5.239966037005167054e-01
-1.105757281157913052e-01 2.895304067868061937e-01
3.305935228960774630e-01 8.661735685619875724e-02
4.539535897430715394e-01 4.199985826048101556e-01
-4.131347932995812489e-01 1.038640826419274799e-01
-8.710395585645747119e-01 4.067332550984348316e-04
-2.646173805476239593e-01 2.093054831532048521e-01
1.016823515464393424e-03 2.557224640758100076e-01
9.848688527762439193e-03 4.514310619618948639e-01
5.603634110420945280e-01 2.321274718885213417e-03
-4.690867440708277325e-01 1.523738229217985740e-01
-1.547266835064831092e-02 2.904739167917388398e-01
-3.040632415330084548e-01 6.580855927613971090e-02
-2.491817151273112430e-03 4.933615367246634298e-01
2.846004207798396024e-01 9.679918209682855101e-01
-5.380788271902137154e-02 2.583686862070944112e-02
-9.194453406900682246e-01 3.828800494207136307e-01
4.255829074427563974e-02 3.126798081512675020e-01
7.918820033600004749e-03 2.709236221661922572e-01
2.771475116596824328e-01 3.312591101990303155e-02
1.898623032241739672e-01 3.997647883999752016e-01
-8.556549406169899896e-03 4.546213812479752425e-01
2.142613504180281847e-01 3.092345234824401823e-01
-4.703033248678512024e-01 1.841765329143175700e-01
5.523711109167332989e-01 4.378988489535562412e-01
-1.986153634976768334e-01 2.633954775089635270e-01
-2.551811311233387336e-02 4.026295307456148054e-01
2.714913758882011585e-01 8.107187970498758167e-01
1.865850956512482561e-01 3.655688416659242934e-01
-5.305032939730871533e-01 8.292941812981703409e-01
-9.880359595247003579e-01 3.277943359696425807e-01
5.192876734774163339e-01 6.061062602023774559e-01
-6.212941731965515579e-01 4.737183720752025096e-01
-3.984756667878341929e-03 8.147720114486265430e-01
-4.031427926686104168e-01 3.399229551084782530e-01
8.610255370206898462e-02 1.243917964418995714e-01
1.915867923266478812e-03 3.321638134981345081e-01
3.629186569141074070e-01 4.175033041055435934e-01
-5.028464802625820518e-02 2.377129949746392690e-02
-2.063161100524579794e-02 4.844820082796316152e-01
-9.406809882288946767e-02 7.043143909327481689e-01
1.007178210669112950e-02 4.071267363677617546e-01
-5.727333354913557439e-01 6.796224549371429058e-01
7.796248741691254036e-01 7.088722652064644025e-01
-1.106468779515834555e-02 9.979949042180981111e-01
4.099514661676715299e-01 2.321777766196196913e-01
1.732930823417344612e-02 7.690623343536010514e-01
2.905643205079038172e-01 6.188575037492860531e-02
-2.275239834330187172e-01 6.687519773288931324e-01
5.408300894155135818e-01 4.409957122132590612e-02
2.703715580806815844e-01 7.665318708298657358e-01
-5.054496202053115894e-03 6.551806629342218358e-01
-8.218784234886340467e-01 1.345220051530654493e-01
1.460012883877537249e-03 6.126905603656254140e-01
-6.148751482911369859e-01 8.102348717788295795e-01
9.571092274680981227e-02 3.247338590399381220e-01
7.539851411150166882e-02 7.347943977535953408e-01
-8.654353664150962189e-01 7.945307966266056399e-01
-9.404670087615043528e-01 3.289773181452940731e-01
-2.876859317009816674e-01 6.391154662328671909e-01
-6.556220563759893594e-01 3.550360914473051910e-01
4.087093265121133356e-03 3.602188961315894167e-01
-1.618383235770171069e-02 3.957469581873908071e-01
-1.268363132706527008e-01 8.702595692989092413e-01
-8.508439955899707030e-01 6.133732483867490037e-01
-8.198967997459851720e-01 2.916251832056426796e-02
-2.238575049322100163e-02 2.923389130326692342e-01
6.625863458219962698e-01 3.326700161883998641e-01
-2.355825647633702502e-03 4.592863965445512786e-01
9.551002916394975006e-01 6.694850097392235355e-03
-8.468050090094334514e-01 1.992555540653956347e-01
2.440193355359503435e-01 1.572783607025095565e-01
1.575881919775690143e-02 2.326060661376252447e-01
6.324650298120613190e-01 6.387054585438010079e-01
3.489478946514945612e-01 3.091261063772252626e-01
-2.155732485563270906e-01 2.648670765981964159e-02
3.922273562277156511e-01 2.259234417676462270e-01
6.719793368343021100e-01 4.900237695742992727e-03
7.985282136190221536e-01 7.155837575567813857e-01
4.272653778664794455e-01 3.451081804241710183e-01
7.128712721900967164e-01 2.816044728298919830e-01
-9.041048983716837295e-01 2.661228788870435569e-01
-8.047790698130552478e-02 5.040658951442348323e-01
-6.804206722730148371e-01 2.438971877039340930e-01
1.222579358620481393e-01 1.041230492366090887e-01
1.292033974357840176e-01 4.946638992731917650e-01
1.694148260260175398e-02 9.091177911198360384e-01
9.991957771554731416e-01 5.685000131076571872e-01
-4.458140931121878925e-01 5.401340933084333162e-01
8.387754789081545148e-01 5.620098146530890793e-01
4.306301315962297593e-01 4.495070431735056493e-01
6.570815999127457285e-01 9.982686378463301313e-02
7.312896456685751279e-01 5.011553308267879814e-02
-2.134938735385503161e-01 6.379096171296618767e-01
-3.242163369139650086e-01 1.176414482043239840e-01
-5.095864595128465346e-01 5.061480007037892914e-01
2.879799804942129171e-02 3.179280744301959949e-01
4.111560773709659333e-01 7.953740153175717920e-01
-2.253213119550177002e-01 5.799230745149707156e-01
8.703777417700411245e-01 7.118219127448810468e-02
-4.001418634736564339e-01 7.226444795879615191e-01
7.252550395205186184e-01 6.466214623097412684e-01
2.250099540675414289e-01 5.777223359881215048e-01
-1.040259811673471813e-01 9.662531284256425934e-03
7.285867012458864256e-01 8.237886652357128137e-01
9.002767999709031521e-01 1.968646016186215153e-01
5.396354580818396585e-02 2.822943008228353534e-01
8.863638760401157946e-01 7.267491022975067771e-01
-6.528183026099021458e-01 4.138084917165496535e-01
9.699270016617935752e-01 7.500680791171476791e-01
1.476189751274215034e-02 4.178337790794862672e-01
-5.724659188085692296e-01 2.730480311573765251e-01
-7.116662934604800483e-02 2.194162715940272124e-01
-6.557641329306362898e-02 2.613165981252405512e-01
-3.134899319928803330e-01 4.652628856383171918e-01
-6.310305065488701626e-01 6.819640102535230453e-01
5.917452450879274739e-01 1.905744092673583578e-01
-1.109051205553823749e-03 7.726702891610441881e-01
1.738904587904599452e-04 5.372751300024773968e-01
1.916352601165183245e-03 5.622460781230755877e-01
-5.824281318713164790e-01 4.867457147668611261e-01
7.042805026988729900e-02 1.393315769424341433e-01
-9.430215306563072275e-03 4.934415645511762705e-01
2.755799451135789724e-01 3.661836810873672077e-01
3.761143540153422116e-02 2.304067125955781004e-01
-2.952461994083499519e-04 3.535910920219121900e-01
4.909214317723924470e-01 6.850721031225378566e-01
-6.614902193906702088e-01 2.837565102743250245e-01
7.473861928557923306e-03 3.542711979775257092e-01
1.128087417899539258e-01 4.664647416753371356e-01
8.625892184264483120e-01 7.730743311656429473e-02
-1.855745177014469505e-01 2.617993935381992543e-01
-6.570716719568756581e-01 6.369621072743182344e-01
-2.018606077310340918e-01 2.854156919786007274e-01
-3.996917540610305242e-01 5.627655809539164888e-01
-2.759609569326826328e-01 7.340580440979693755e-01
-1.514579707258196795e-01 4.332954004806517379e-01
-7.830930879961788271e-01 3.353367998523134608e-01
9.911999292523960836e-01 4.994451625140182704e-01
-2.771682728918829497e-01 6.690599259451537328e-01
-3.027911072101816536e-01 2.238134596424441458e-01
4.012656961862837157e-02 3.151926528087555246e-01
-3.423991175278384702e-02 9.879501539705304314e-02
-3.915428781973837591e-01 3.610682845622189552e-01
2.497690982219862299e-01 9.812113383977892900e-01
8.745651064929016449e-02 2.888089359666804468e-01
8.284320519984067488e-03 3.016389575489843988e-01
5.547504488094801012e-01 6.250092563219622477e-02
3.965970531094598073e-03 5.466824418634113059e-01
1.830094643663127130e-02 5.618437955867481293e-01
7.923618262454246164e-03 5.033164578268854994e-01
-3.898796161371453906e-03 3.999762300431241036e-01
3.699470051293760609e-01 3.492601266184440778e-01
3.525733161821775763e-01 7.216255253491631327e-01
1.883847471829680487e-02 5.300429019646284434e-01
5.764599343483167715e-03 2.939963896345038075e-01
-7.843746907672568547e-01 3.379059892914071384e-02
-3.702006289992465504e-02 4.465473861694649882e-01
-4.790140750379767720e-01 9.607184240986159640e-01
-9.545758344994275113e-01 1.471389732237670112e-01
-9.055460735288378693e-02 1.995732787494766125e-01
-2.246403565860464191e-01 8.802655066225124614e-01
9.057866182675902156e-01 9.470620128764117851e-02
1.989624463291805867e-02 7.296181907895508134e-01
5.527263928389567482e-01 2.039269903522632488e-01
-5.046688325479333770e-01 8.614697771444650432e-01
-2.886671815628667481e-01 8.789191509815363901e-01
-7.807384651853821467e-03 5.870814158374736413e-01
3.277390199273355620e-02 3.559418426165955607e-01
-3.409385111044855865e-01 1.031832644364194529e-01
-9.913814293910985231e-01 5.448935345546042086e-01
1.135275799744352998e-01 2.152553707987641118e-01
-1.700121565955334813e-01 9.040098170334323058e-01
-1.277571388133225128e-02 3.239475274457287446e-01
5.520350335447954393e-03 3.011806540260586473e-01
7.492461414533502229e-02 8.358082110558515687e-01
-4.751707426963753811e-01 7.886262539418357198e-01
9.630570968222627037e-01 7.089521386266720571e-01
-5.622062922053117084e-02 9.294513530950854197e-02
-3.112273684830979548e-02 1.696855073816994075e-01
1.458971414582894699e-01 5.912776039588701904e-01
-9.897580735630961968e-03 4.778112533539553564e-01
-9.422050075729160312e-04 6.286546171509419523e-01
2.863129885533015617e-01 1.983492095133444488e-01
4.063403705287331746e-01 9.444085656283174313e-01
1.468439880861389657e-01 4.080059498327354151e-01
8.381437123296797687e-02 6.719800467820654655e-01
9.686652042527839068e-01 2.533099576953572463e-01
-8.792680820186924429e-01 2.699759195150586155e-02
5.942654719415150222e-01 3.191791532874965753e-04
4.449055173699194565e-01 8.729900313714600291e-02
-6.098584526536665606e-03 8.741506655123745251e-01
-2.927252841059546640e-03 9.539833473478257497e-01
8.306508944093777824e-01 6.394266144044019606e-01
-2.000930603117510032e-01 6.562566671341147906e-01
-3.951637623075823225e-01 8.905082367487382466e-02
-3.638671251305347631e-01 1.733032520242452357e-01
5.633742483508674681e-03 4.610018876998853710e-01
-4.152996102404904466e-01 3.610109934568782597e-01
5.507389632811336977e-01 4.981327327749465184e-01
4.059196816833992028e-01 4.397783236632860637e-01
8.664848891355880767e-03 4.535906018044473242e-01
1.266517535448852261e-01 3.184985296056662696e-01
-5.165555512711781372e-01 6.725758612985370810e-01
-2.883101447527762762e-01 6.837380776240307156e-01
-3.685396989050904182e-03 4.444941283303482926e-01
3.874375321283844986e-01 2.990618451810000966e-01
4.794381385988082389e-01 6.903175021521233967e-01
-1.116108625526512910e-02 5.088525846337565994e-01
1.671780741724933073e-01 1.656982505462232247e-01
-1.680543838674724011e-01 3.560753358472912300e-02
-1.456501519230684050e-01 1.556099777380743898e-01
-6.085859333262688686e-02 4.060496791643108949e-01
-8.977729993032337319e-01 5.577623597252062693e-01
6.477976897996173822e-01 4.414483103218642679e-01
-9.787401774475013028e-03 3.061729635902910029e-01
-8.085784657643202422e-03 7.394585567973711582e-01
-6.777408601607126659e-01 5.544973287084107305e-01
-2.043864624678981556e-05 4.879076977375145230e-01
-2.863556278862160465e-01 4.523240764498969169e-01
-1.596137542011932808e-01 1.442708040286987403e-01
-5.158556774533962219e-01 8.392837770263387176e-01
8.388659203153214783e-02 4.874459097553356379e-01
5.346783072457395036e-04 3.598196748937542155e-01
5.002714739080538209e-03 9.395700690959488677e-01
-9.923424483155862674e-04 3.851731742310188222e-01
-4.081502459697394780e-01 3.042633517558183120e-01
-2.182699388831170761e-01 2.427461541282902591e-01
8.215819242111239706e-01 2.136195457445931867e-01
9.648977440408115225e-01 4.006663850329457155e-01
-6.168161201864919008e-03 2.349820656238473804e-01
9.680846667779869907e-01 5.843392256538160190e-01
-3.295827077992130594e-01 8.579263412396371802e-01
-4.544876662670882528e-01 7.250093383671185610e-02
4.568964716765153700e-01 4.584665725152790028e-01
-4.802580143956847181e-03 4.049491776377285301e-01
-6.812092932711497628e-01 1.170396274615900234e-01
8.969449235204507431e-02 6.266409824884625612e-01
-5.517133525451491938e-01 7.861356347288561697e-02
1.792670010072010545e-01 3.109205351656040284e-01
-4.838601111113471909e-01 6.252227102878129550e-01
6.497820770356947939e-01 1.197347639037591449e-01
8.087981711497900239e-01 8.046154558376390487e-01
2.184245624982878997e-01 2.895284331811246448e-01
-4.504522846661502822e-01 7.668396679805350447e-01
6.625104904551346596e-01 7.625022236623028027e-01
4.112342278695375608e-01 8.124388852729711452e-01
8.952258457461639285e-01 7.738474332365695707e-01
-3.825168125000404373e-01 2.856788365620529513e-01
4.186914748213321769e-01 8.647649524166608481e-01
-3.067848718413099807e-01 3.241753260343668286e-01
-7.296584912886139307e-02 8.110304716924060520e-01
-2.185122245685100495e-02 2.247191024162010775e-01
-1.927595376569151142e-01 2.561057426507873380e-01
8.623141686977289222e-01 6.563989350483688812e-01
9.302442392932119830e-02 2.433277273900830151e-01
6.640059129901314527e-01 5.787425680102074033e-01
-9.294808819236373143e-01 6.848889518315725011e-01
-5.817861172321854291e-01 7.054651945961152304e-01
9.581130855186963391e-01 6.808623716874542264e-01
7.457808925117519472e-01 7.758775476125177040e-01
-1.169385178157578142e-01 5.195203474615972539e-02
9.339151924793842596e-03 2.008301930650567835e-01
9.745144330423491930e-01 1.712469705388308672e-01
9.976079599298932621e-01 7.656789307208684559e-01
-1.092877588901846053e-01 7.069527333859482177e-01
-1.159788291355523526e-02 5.810197454163682496e-01
1.189822486242753108e-02 4.829694251332620203e-01
-3.592445108963149281e-02 2.077299695704015736e-01
2.089065840196859813e-01 6.818253333567453334e-01
4.836906574730830410e-01 2.012785874944906794e-01
-2.366617301314155597e-03 5.071554866937242334e-01
4.700464671177839726e-02 1.336426337360300254e-01
-5.049116708191794256e-01 2.772460207343974137e-01
-1.725213550006259311e-01 1.797614351488755480e-01
-2.136903347758400962e-01 9.865333052564406735e-01
1.664636694048704513e-03 5.540082658638320057e-01
8.913170017393223787e-03 2.235917708077015398e-01
-2.336913805113594034e-01 7.311909410111621099e-01
6.455746947382450251e-01 1.250035284909436495e-01
-9.199948749915134449e-01 4.271325421569375225e-01
4.900120623775596762e-01 7.391025247382472241e-01
9.548150640062247341e-02 4.490057556471027667e-01
-2.415497241598865141e-01 6.601911227026016071e-01
-2.192703006122831422e-01 2.759224410971948815e-01
8.100585511991480470e-01 3.251620080560814197e-01
-1.022143560786161753e-01 6.990305853138821801e-01
1.453722025641743798e-01 7.119940034763505565e-02
3.439648661904624038e-01 1.458441737411819705e-01
-3.531579484832634286e-01 2.653651657780197182e-01
-2.563355796512662987e-01 2.919870423393439163e-01
-8.020344325382657846e-01 7.833671069234275919e-01
-1.223022265433937328e-02 5.826354134967929310e-01
-1.511911878060681058e-01 3.951545882265882215e-01
-8.586704353603240580e-01 8.735899547314754932e-01
5.582584064983844296e-01 8.630290934766152722e-01
5.556952157985739493e-01 3.304477275808563874e-01
3.232496265762141441e-02 3.272259337108844868e-01
5.432921926427254355e-01 9.901604278310945917e-01
5.228074266189628450e-01 3.810843139285079451e-01
1.089847944892534670e-01 2.103404504489999605e-01
9.317384966418986725e-01 8.708265859652293273e-01
-4.128145441695318940e-01 4.152544777311950597e-02
-8.514090484174530182e-01 9.710589652202530342e-01
-8.234176332647633600e-01 7.985411703437396147e-01
-7.948853527544790243e-01 9.134212178887245459e-01
-4.290028865749904163e-01 8.939535469920558697e-01
1.730258168368026261e-03 3.463595495618830844e-01
-7.453174631458294730e-01 2.873725975707646096e-01
-2.657035093368240730e-01 3.351301422763605098e-01
-5.469101602017893970e-01 6.683795263023906141e-01
4.837650870578078521e-01 4.916865425533576417e-01
1.874504367785707615e-01 8.846453102401697910e-01
-8.856017282380350686e-01 2.550325796510852783e-01
-2.398312169578198372e-02 2.743870396902535758e-01
4.525655385538995823e-01 9.986381522019499579e-01
-6.903549805257207517e-01 4.847614909125121940e-01
8.475451985067961047e-02 3.200702806651700705e-01
-4.610316784191128558e-01 8.691293429439017615e-02
5.025789153502446815e-02 3.204542448608231897e-01
1.265298507419323482e-01 4.593421827326211737e-01
-1.533461789189494162e-02 5.200374662153605110e-01
-2.519501095992979778e-01 1.630013634323035365e-02
-9.357334156422310034e-01 8.679313910570090052e-01
-1.363002231501391215e-01 6.002770423241678976e-01
1.616287039153441185e-02 3.138609951216040361e-01
7.677688044223442976e-01 1.069947107451677537e-01
-3.111418423064624683e-01 7.572371457275414164e-01
6.222907655858689324e-02 6.625734372840709208e-01
-1.217283632993781950e-02 4.302251820495656132e-01
6.478785116073821904e-01 7.666386007620999976e-01
8.438657157594804392e-01 2.543692888756318160e-01
8.710162809521397875e-01 1.547259304939011537e-01
-2.001915372043883146e-02 2.672716392893652593e-01
-6.067264450069120851e-01 7.440914572884463896e-01
-7.720552108847196227e-01 1.064546279937109707e-01
5.907074629240010033e-01 7.855371044836368943e-01
4.015966232611156705e-01 3.033986585755087395e-01
6.121578825325271200e-01 6.494133154664905039e-01
-8.946344449495398088e-01 3.685765900160249409e-01
-2.422129406895221493e-01 4.814265215360324923e-03
5.959644624915623190e-01 2.452337406608934289e-01
9.649840160150957580e-01 3.086657026332810805e-01
3.436853477154144798e-02 3.084950922478330027e-01
-4.082601289352449925e-03 8.913661125913714400e-01
6.378032614861188776e-01 9.568043228872504802e-01
4.659062512931244626e-03 4.976455031240597515e-01
7.528963367356575898e-01 9.283353333943346053e-01
6.084535002560362837e-01 4.321320313364503951e-01
9.863633573844534652e-01 8.190069395702770372e-03
-3.355617438615343673e-03 7.734834548212260463e-01
5.538633836138284749e-03 2.256196398959233740e-01
5.404679920245436531e-01 4.319992289919238893e-02
3.464051841563353662e-02 9.950482979283693519e-01
-5.307984133286620665e-01 3.680175833867338486e-02
-7.681163222006752722e-01 5.761074871047344725e-01
1.953615779007991105e-01 2.331604062349631468e-01
4.987022894569406173e-01 7.957482599789433841e-01
-5.758688974517474080e-01 9.151115757350352098e-01
-4.095650698423101144e-01 1.205653379590657659e-01
3.389147642824354989e-01 8.065870588450279044e-01
-9.221768640250256333e-01 1.030129596126820868e-01
7.636234692925423229e-01 2.488840089926216415e-01
-8.070447502442807952e-01 5.018037928757657085e-02
-9.011983491559654169e-01 1.372402754553669890e-01
-1.199346344711516021e-01 4.686831657961340047e-01
2.510408865591402527e-01 4.177497712588154055e-01
8.676779465210255893e-01 4.105523510416663191e-01
1.897503121921961800e-02 4.406279231583264400e-01
-8.860422659910938137e-01 1.953067233993748264e-01
-4.403244561238515153e-01 9.642691808911884044e-01
-2.465708872984710975e-01 1.853419671440655891e-01
7.782901859248936294e-01 6.539342606363451882e-02
9.051280216583996729e-01 7.875714816961513209e-01
1.711533339673110277e-03 2.993842943142669411e-01
2.040300767360765377e-01 1.696193615324352866e-01
-6.679586456698116681e-01 1.512729663988424678e-01
-1.313775908176850749e-02 7.783774057118312273e-01
-1.674921858490925342e-01 7.517227849948552310e-01
9.734984520533860319e-01 9.533705523833702067e-02
-7.491390215133062469e-01 5.429919895472542501e-01
-5.509715791871214741e-01 9.888398029594198668e-01
2.433770301322666363e-01 5.064864112295219822e-02
-3.256279990505097643e-01 4.635265477331590445e-01
-5.536283249427840225e-01 1.930930095167769922e-01
2.608440919634169575e-02 2.202229143062588435e-01
-7.108586098990341551e-01 1.597641543359494820e-01
8.799718931771083330e-01 2.070754124305117516e-01
-4.182350937401859703e-01 6.279925223888679353e-01
5.864564389032782543e-01 4.670997329501423989e-01
-1.506880906819052512e-03 4.307485608323315951e-01
-4.583188324143490089e-01 9.935151555439569737e-01
-2.694394906409991464e-03 1.029588114093726858e-01
-5.440645712244907006e-01 9.995721990422600234e-01
-2.822503781063190331e-03 5.476438010826084613e-01
9.255887500227439890e-01 6.464047018088558971e-03
4.985846939832727642e-02 3.569001798631962208e-01
-9.116101345902345443e-01 4.123889925812134205e-01
3.348935560195365202e-01 7.333886139842993312e-02
3.660829861061918322e-01 3.856558048544367345e-02
5.648241713679835740e-03 3.464652708640523215e-01
1.959399297271069429e-01 2.714813997375147281e-01
-9.972509099369815111e-01 8.482075628151269919e-01
4.663511940680022949e-01 2.687854792283957961e-01
6.266540546621790497e-03 4.360050274223797873e-01
-7.195504578917222283e-01 3.401017528989491723e-01
8.922377820136553339e-01 8.109520023501338715e-01
-7.350082912748703290e-01 4.819076908104404922e-01
-1.356724708619190256e-01 5.952957284577642394e-02
-8.231519987725843812e-02 3.553105429617756661e-01
6.262289122505722005e-01 5.089626822793047456e-02
-8.158419633590068276e-01 3.376576521288743304e-01
-3.855345316084319851e-01 3.238038989032998582e-02
2.917512503170902605e-01 6.149164577342081106e-02
2.586031678097899800e-04 5.078739019191979009e-01
6.675379586416507749e-03 4.427274215688496994e-01
-7.557730313839217118e-02 4.540154968440064387e-01
-4.002796603587821522e-03 9.744394582774681401e-01
3.825120181884249515e-01 1.620078463363260335e-01
-9.087270838081082935e-01 7.207352923506200604e-01
-3.851610204992721442e-01 1.484990008258634253e-01
5.022776969465654329e-01 6.938435732056754679e-01
7.593127313109848675e-01 8.184666738479910997e-01
-8.393881954585113991e-01 3.089038298131502325e-01
-1.017697997453672620e-01 1.230427458557493692e-01
4.663733174084609967e-01 6.580235571114256832e-01
4.242050927772837987e-01 1.248090959754142304e-01
1.589341085386131169e-02 3.795693202883770878e-01
7.932473648353588480e-01 9.825723411833108267e-01
-2.692255526874602900e-01 8.308573477695003762e-01
7.980376704971248181e-01 1.502862464153411626e-01
2.256157507730249812e-02 2.790130956170557841e-01
9.899998429782770337e-01 1.685434256051673296e-01
-2.081909538089954381e-03 5.496003669596408736e-01
-7.941398217070700927e-01 2.149872867016463518e-01
-4.640104000495748338e-03 4.420249386574786055e-01
1.385638253124932273e-01 8.904350966408767221e-01
-2.815681655161734742e-01 8.085048646046502085e-01
6.976140086040669708e-01 1.968214646810595436e-02
-8.094873741750572282e-01 7.415800106137127035e-01
-4.902948802181450461e-03 3.192981950858214679e-01
-1.499204470903459097e-02 2.817539461182461125e-01
8.519284997765552703e-04 4.295032143918980916e-01
-6.485959996921195625e-01 5.455951761137511902e-02
2.208743579733207785e-01 3.139834819972675550e-02
-2.143002869507864006e-01 2.246652918743810012e-01
-4.812445277097459062e-01 3.145506144491849732e-02
3.594087598261630490e-03 3.986384564476113113e-01
3.956960031994150029e-02 4.343582194930872831e-02
-5.231781375958515223e-01 7.297717097834000022e-02
-7.786788374927633427e-03 4.974028794583393864e-01
8.454863140269208710e-01 6.184656829527060973e-01
-3.499912361852830500e-02 3.766614671218471155e-01
-1.276221258683527537e-01 8.892924392979317805e-02
2.135765292203646304e-01 5.233247450174532966e-01
-5.229702811719811884e-01 8.408664669124438218e-01
-9.185746509571404150e-01 2.219199096135430205e-01
-8.301984602201437635e-01 8.163033719694789969e-02
1.056536617939505263e-01 3.283774491774636983e-01
6.328643338213106873e-01 5.189943658128040038e-01
-3.238057725683891608e-01 5.037510089369370281e-01
-2.477618611480889577e-01 8.907814289154633025e-01
2.316498650310938601e-02 2.314970808550728121e-01
7.754216344362063751e-02 2.250567401892357156e-01
4.912549190383268538e-01 1.428985044738751986e-01
1.998640157825180008e-01 6.508748656917038300e-01
-8.639734698575258776e-01 9.067405726499233598e-01
-4.453414948993923428e-01 1.732577203344166650e-01
-6.220970616607746084e-01 5.192886542889170176e-01
3.477877122174584112e-01 3.465445752204296959e-01
4.904714058737136284e-02 3.904934586205522917e-01
-8.024691186731174319e-01 4.725158474132129527e-02
2.269064337955974953e-01 2.993484198368112637e-01
-4.675768500508770131e-03 4.385167228158926012e-01
-5.202486953439500184e-02 2.757488727732965161e-01
-5.417795015891100352e-01 6.675187210600141974e-02
-5.456082922195535367e-01 2.167243041776356627e-02
-5.783291941284389726e-01 5.157929990561345157e-01
5.490870271272871861e-01 1.079818256264797327e-03
4.118608805470276302e-01 8.856959645744685306e-01
-2.443300500318128510e-01 6.738146214259769229e-01
1.288313045379381183e-01 9.386212803245838066e-01
4.977235838675930779e-03 6.250642498696922233e-01
-3.861707046350471018e-03 2.430327645236393108e-01
2.963295357058812751e-01 8.856959336393681603e-01
-5.375741497265718039e-03 2.406098591022204358e-01
8.381744938965283165e-01 3.737782552011859050e-01
5.169740224479386637e-01 4.702030301777879728e-01
8.622804095540947955e-03 4.701988618945298626e-01
-2.129790606829831123e-01 2.549225124342111570e-01
2.043595648643929952e-01 4.656880262197038434e-02
4.385417949947889582e-02 3.536562013761022083e-01
-5.795159060878685153e-03 8.586002302691300159e-01
4.143751416046292935e-01 8.066102577915994498e-01
6.116677416476348217e-01 8.742205898825672339e-02
2.870611758719334716e-01 2.177762698141605391e-01
-4.303474188598044314e-02 4.824493871727967287e-01
-4.654342866828975467e-02 7.706847563667642564e-01
-5.448577153609357460e-01 4.637411350270503885e-02
7.763721065420574607e-01 9.972031252515172195e-01
-3.213693998953948139e-02 3.561400645738089787e-01
-6.938934650137846827e-01 9.549540621752716785e-02
-1.932472132124136710e-01 2.465434792070844150e-01
3.308916563314947545e-01 4.002721498482402218e-01
6.961769315396748592e-01 4.276738490005134175e-01
5.456329122050287417e-01 8.537424329111996668e-01
2.846422737887666088e-01 5.176328955021265443e-01
1.908803033010495476e-01 5.772740226237608185e-01
-1.435263600828309283e-01 3.170069948341643906e-01
1.733059977225794857e-01 2.561181963699029618e-01
1.570840757914582220e-02 2.498433646706520461e-01
-2.462213922466149896e-02 1.041987242709819794e-01
-2.660454915536036857e-02 7.807865955580144401e-01
1.263073057306436375e-01 5.567267126956924050e-01
-8.483675002020074629e-04 4.817600773255419355e-01
-2.506685084649684647e-02 8.711228597350820779e-01
3.583139953058900318e-02 3.336931746611957461e-01
9.008432305803237838e-02 6.084237551475298877e-01
-1.416512937205198774e-01 4.600987417954189862e-01
3.204465114914700763e-01 6.192676601290162397e-01
4.305027002249484092e-01 5.587834873030900207e-01
-5.638111699241887820e-03 5.653359706668549256e-01
-4.798509087626001701e-02 3.626885602978796586e-01
-2.867269478917500170e-01 3.563897407098275405e-01
7.423239663162337632e-01 4.414744452919938666e-02
-4.083299009776049093e-01 1.039626518507792419e-01
-8.442808309375144926e-01 3.103093683144205750e-01
-2.913140873794373142e-02 2.066287391938842477e-01
1.095796702434603809e-02 2.314230456973798145e-02
5.307646478474243867e-01 9.140552918532396376e-01
-3.263139196052522450e-02 4.861407686209716639e-01
3.570180171769359312e-01 8.647404217138632276e-01
-4.163648423999946058e-01 4.789771176114454576e-02
-8.310772338145078209e-01 6.091609940035414006e-02
4.544688214396850334e-01 6.476902075064860931e-01
3.675278597093238897e-01 5.009358698371763063e-01
-5.564564667064786363e-02 2.329724473629141146e-01
-5.991494497970051292e-02 2.967610153358674063e-01
1.437160729358262223e-01 3.040808839543164277e-01
1.505826564927450484e-01 7.916557304310848364e-01
3.252288198942696607e-01 3.176981299023764471e-01
6.258844902867732873e-01 2.387212738077060248e-01
-8.591606651166427966e-03 5.295450695976836597e-01
-6.088162792922868771e-01 2.175289296556127683e-01
-5.008148044342655147e-01 1.850362400962324294e-01
-5.274777038097866466e-04 6.210293614423356701e-01
-1.446963492368791293e-01 3.250340878676631906e-01
-6.500747864745417548e-01 8.999288543877975721e-01
-2.294456848643664504e-01 1.969634401327868822e-01
7.529886983466127504e-03 3.394428120117172210e-01
7.221607298684573628e-02 3.779830900267115990e-01
-2.472716322494139529e-01 2.442138501383096516e-01
1.818038969157487195e-02 5.397056416856614858e-01
-1.715730482716586458e-01 2.443540217625294053e-01
1.351480198333598892e-02 6.915718500805256852e-02
7.234574087136280696e-02 7.314924151895829674e-02
-4.343323256705100555e-01 9.806551342301439433e-01
1.319960745512709366e-01 2.697306634175773432e-01
-1.680479867265516347e-02 1.580980499986526233e-01
1.087706569821325076e-01 2.331755830732077373e-01
8.753872102957904744e-01 6.767142345731279596e-01
2.396805540750612806e-02 9.482951831895806150e-01
-4.796322630976446177e-02 3.958367462638403556e-01
8.255779566300394112e-01 2.897400988583270776e-01
-3.599283777064175016e-01 7.266927995423831943e-01
-2.609223923747405749e-03 8.059986016335137782e-01
5.036495002196410553e-01 8.978308873835826320e-01
-6.920533025404485006e-01 2.063594822335304002e-01
-8.847085726747492274e-01 5.085192007977810125e-01
6.467937373621448494e-01 7.021834475500822181e-01
-3.269967080313107566e-01 5.780041349435619535e-01
-9.752068129184670031e-01 2.588235430403945658e-01
9.828413517497398555e-01 2.293279508095854569e-01
-4.378513255531002457e-02 3.126204842589579425e-01
6.348011510943574187e-01 1.713426206089394555e-01
-1.364570307627865908e-01 2.261434931916128654e-01
3.837172701193061197e-01 5.198230916413404401e-02
3.039742257814888049e-01 6.191968705217816282e-01
-1.504308398535205704e-01 5.059012495859246394e-01
-1.542327396673217610e-01 7.506063173795035626e-01
4.211256798574505300e-01 8.786856303949617253e-01
-7.908835221443721863e-02 1.294922809413914244e-01
-1.310618877909510704e-01 4.502837643190626959e-01
7.729254699074012969e-01 5.925126423924966801e-01
4.840283586029472396e-01 8.581861561139553229e-01
2.209245605113019373e-01 4.902842699182964337e-01
-2.758876518950330592e-01 2.888622389095341081e-01
8.171594943813698109e-03 3.530565926568818291e-01
4.634981927886652198e-01 5.327618840236617581e-01
-7.464012970514362078e-01 6.231649306042819081e-01
-1.621438410817199749e-01 6.128318811262367660e-01
2.769692327684705191e-01 6.257670191597658471e-01
1.995087540699784778e-01 1.851594676702722486e-01
-2.339318998961092966e-02 2.601731176791965972e-02
3.841577473257260511e-01 7.965966684403913423e-02
6.555928574643610229e-01 1.756567336901350140e-01
7.619262119027530034e-01 4.363547248855336180e-01
3.341633233980478845e-01 7.408381209334127249e-01
1.701472078497561213e-01 6.525171757540161321e-01
2.405629701716454072e-01 1.611582744520058119e-01
3.893867552562824130e-03 9.508886666824810652e-01
8.613644778965401372e-02 1.080289836469495723e-01
-2.273930899470932854e-01 2.895393848489405952e-01
4.917230905862712831e-03 3.443459377818031131e-01
-1.807414329110268447e-02 3.857644990503620308e-01
1.115086662239583859e-03 3.890654264818345087e-01
-3.192832429245373582e-02 8.622341395249557561e-01
5.868811051363609366e-03 1.830111303515727927e-01
1.180827101049419792e-01 4.030388753929901036e-01
9.788562634465935997e-01 1.610350938229534457e-01
5.771139733806829319e-02 5.092442302935721310e-01
9.396523704296111390e-03 4.934163022292027412e-01
-8.789010061288706765e-01 9.629660048820813945e-01
8.744183521777482149e-01 6.748945482373226445e-01
4.852983781386166484e-01 6.077891239474205731e-01
-1.695950854398997620e-03 4.942977176013978458e-01
9.321948411755698327e-01 8.414530200418945949e-01
-4.132835686403355524e-01 7.685559794761189778e-01
4.449230656211706769e-01 6.642726407746311068e-01
-2.084960419839121393e-02 5.182411741077486145e-02
8.388504054306771263e-01 3.879641813972641851e-01
-3.235820642522471147e-01 4.084593303129299136e-01
-2.160244088635325799e-01 2.831129993850705073e-01
-8.971807814701171502e-01 3.678354102702408035e-02
-8.555891726384601270e-03 9.045932732050098179e-01
8.328637882624168043e-04 9.388235707041565625e-01
-7.141248484329532076e-02 2.420004212596339466e-01
-3.374166114126084803e-01 2.308583206558689760e-01
2.073791668558371271e-01 2.586833826236774048e-01
8.197725955306964796e-01 2.078996327938895661e-01
3.958583228844967383e-01 2.395493153121721619e-01
1.542322988435416153e-01 4.686241431879839547e-01
3.363081429080139184e-01 6.438452290700669156e-02
-9.458197609578482545e-01 3.637185120465699084e-01
7.829472041495977308e-03 2.976106364004360572e-01
6.993363189845005490e-01 4.857731556290233454e-01
7.047120185934170333e-01 1.210090193874970854e-01
7.891378306196230596e-01 5.051480981156795114e-01
2.110102274085390306e-02 4.270319420763410978e-01
3.808618049044814047e-01 6.215040964276588031e-01
6.347647908188225330e-02 3.430939308289852052e-01
-1.795010663049767530e-03 4.893628639997865681e-01
8.849605736233900899e-01 7.214738757512906275e-01
1.450736393672036328e-02 6.697598889252925902e-01
2.422350246048967648e-01 1.164150238901334733e-01
-6.444944518928292787e-01 8.998912031090584573e-01
1.850254769735171223e-02 9.108194861100160633e-01
1.753195907708859913e-02 1.674365306469349779e-02
9.730659050084624617e-01 8.903225063604227607e-01
-2.192323907697435459e-02 4.299444534196843470e-01
-7.194095856133215783e-01 9.275932220211413615e-01
2.610910850145504725e-01 6.363084738550928154e-01
6.341657444515322872e-01 8.302201699136368962e-02
6.152030232221572525e-01 3.291120843276286179e-01
-3.418438545067026268e-02 2.277819383246264540e-01
-5.667707836607278615e-01 7.430956445224804474e-01
-6.962011883383518729e-01 2.590690561638370193e-01
9.336905255203868936e-01 1.261661910398296227e-01
-4.996497819265144358e-05 7.062166095055585346e-01
-4.941105705023485228e-03 3.613091319825233461e-01
6.265460415443724340e-01 4.701768734952843642e-01
8.503022826557431468e-01 9.722786208942623132e-01
9.752934400557928818e-01 3.446581557788135353e-01
4.580341236460994114e-01 2.691946253011323620e-02
9.523367358873262578e-01 2.911556200229057367e-01
-2.880460285107291352e-01 4.838685767962498385e-01
-8.595543204252598102e-03 3.940539775203718564e-01
5.996850433615881215e-01 6.107834386939542393e-01
7.389615717936504069e-04 3.414184042519053941e-01
5.746695835111432782e-01 2.781452486560268555e-01
-5.837719591242394035e-01 9.447769378158457076e-01
1.742221032976536410e-01 5.078979834136063687e-01
-2.834816246908418158e-01 9.947221183616116180e-01
9.226393984023923966e-01 9.106639655018966550e-01
-1.061556996888615156e-01 3.113092539062266573e-01
4.317607449584515145e-01 9.150838554555946747e-01
5.011277768754338613e-01 5.355689948825756996e-01
8.882458105198376419e-01 4.575340065700244097e-01
-8.215119060799367379e-01 1.607040877406296087e-02
-6.103614367010834485e-02 2.037538184604650304e-01
-8.018535175123453485e-02 1.584791358722318355e-01
7.234833098242086091e-01 7.964801413533824093e-01
-6.663361022902547504e-03 3.024272774078552439e-01
2.324529367841929872e-01 2.331904226004020142e-01
4.351206778161025301e-01 1.672047957514978256e-01
-4.430138004266945817e-01 4.319755919318901682e-02
1.489138083562258075e-02 5.380205945118337052e-01
6.247888410873048137e-02 3.072762889996351054e-01
-2.766915723027452145e-03 7.272350646418120901e-01
-1.516089878723958506e-02 1.228284911693449111e-01
-5.032974545652435516e-02 9.122371831473288228e-01
2.022486799341427499e-02 7.902504446885991740e-01
9.445766285830070608e-02 2.207514999020548929e-01
-2.524264818009163136e-01 9.762208837613806089e-01
-9.641995896819142153e-01 9.600203571672253355e-01
1.952028635187146310e-01 5.013084136891371445e-01
2.740374955834616877e-01 5.505850686211044565e-02
3.821100650859932113e-01 6.436169453921363193e-01
-8.560679175481138437e-01 3.939478748984261980e-01
9.716533427814235679e-01 2.191997218342611742e-02
-4.046119188362506947e-03 6.746854575723509884e-01
-1.154684597855430983e-01 5.595207398562237477e-01
2.099517939179382786e-01 6.353873032176724500e-01
2.756403611700419809e-01 7.155496207375680040e-01
8.881860156317913368e-01 9.062587784044962014e-02
-5.577096443672202586e-01 4.561303409799205566e-01
3.362640745854437174e-01 2.274376493192020732e-01
6.295463575953470503e-01 4.759030420156584729e-02
-1.020393295651698118e-01 1.086563372682978201e-01
6.568763809647222285e-01 1.879073741790935337e-01
-9.376974808660176741e-01 3.469769742452525341e-01
-6.773671659507849441e-01 5.111525903435460982e-01
-8.915756158970542522e-01 8.286198374611939421e-01
1.741223697890597055e-01 3.465870673103287336e-01
3.857781754236302429e-01 7.482438979134267143e-01
-1.875373685870753704e-01 6.316927919989409057e-01
9.379229723138338137e-02 3.423559029836371614e-01
-3.073641168899854392e-01 1.436236449294425732e-02
-3.471515909792015631e-01 2.853243368625498766e-01
-3.947537873625075466e-01 3.132916946633269584e-01
3.750143941103620815e-01 2.001882511073538318e-01
3.508480294849722902e-01 8.865118437423116227e-01
-1.744310530202373144e-01 5.065874325190341532e-01
-3.649016702050160710e-01 7.587151283938295965e-01
-5.408416165386666918e-01 5.145002352877117158e-01
-2.432792603527798025e-01 7.249158528957744263e-01
-5.236949450834429420e-01 3.818472790155735819e-01
7.218904188811103850e-03 8.068743251067396205e-01
-1.456434094053573602e-01 3.500592073492119205e-01
-6.663342126268068100e-03 7.235227932503052184e-01
3.470392083442530584e-02 3.424639323624386611e-01
6.702638966893506023e-01 7.097070125424866927e-01
-8.205680638553742856e-01 1.958886389983820475e-01
-4.169869146870031074e-02 7.403083860128800708e-02
-1.847309310142852823e-01 1.029706802571674906e-01
-2.189576095707337355e-01 8.723644693410597117e-01
-2.314998122779243772e-03 7.814992862706990895e-01
8.774205583142253850e-01 5.406870375223196135e-01
7.359547282790313005e-04 5.137361130964184230e-01
-1.011353307555002967e-01 7.294153168052844860e-01
2.726819291252424726e-02 3.070907943455044586e-01
-7.941695320893906729e-01 9.151851562620730851e-01
-9.272141589124074379e-01 7.331296846648815979e-01
-3.706741787600058569e-01 2.314347572519573903e-01
-8.301080947890060457e-03 2.666257255326293096e-01
4.957392191243301660e-01 1.662806912646029867e-01
-8.642739915255770455e-03 6.797246796263309854e-01
1.365128468639571491e-01 2.348648431028560468e-01
-2.348698096630719157e-02 6.474773612581365967e-01
7.650286831248251929e-01 1.585635679920013308e-01
-1.507915104871806466e-01 2.352028137491705140e-01
7.847179314859342725e-04 3.713025018532245536e-01
-6.931227788983429505e-01 6.023090466856819702e-01
6.408035784674752655e-01 2.589173985957501367e-01
7.540161288787183835e-01 2.233615432580977611e-01
7.807659046671133751e-03 1.379343183803264372e-01
-9.381610131967996757e-01 8.515074569475953314e-01
5.141037975375464253e-01 8.669931972968807354e-01
-3.445568454690661753e-01 8.123092096656369110e-01
-2.102871315362007110e-01 1.692689451824368474e-01
-1.136624509242827319e-01 3.741859111154144379e-01
5.937652095927894447e-01 7.772984797772874987e-02
2.849934886283986835e-01 1.378916733831428987e-01
-7.288911588578561584e-02 6.038094660592617791e-01
-7.542572646633212141e-01 3.883119954542330055e-01
-6.071765874002195140e-01 9.692203210900142141e-01
9.996221936036902012e-01 2.765965461140551529e-01
7.102591309886965298e-01 4.831605013074365962e-01
-5.217869627637705676e-03 6.229546995054106029e-01
-5.715138928570184795e-02 2.682242394772470506e-01
1.885705187007169492e-01 7.899956535856241802e-01
7.885689967487179430e-01 4.753813678755418604e-01
-1.092714437120223536e-03 6.306645264748043100e-01
-9.416368734990279155e-01 2.088612970193536311e-01
-2.534576419255580859e-01 1.745685976053449329e-01
-6.870772402587599359e-03 6.521546532967533727e-01
7.095862808948174560e-01 7.439620000852991133e-01
-4.914714690680053177e-01 8.936828171712407620e-02
3.132297068731124678e-01 6.922450219422571216e-02
1.170702959535205867e-01 1.080392168678145914e-01
-7.829074217065796759e-01 8.387318202399814959e-01
2.406370751230224592e-01 1.248843464760908128e-01
9.265370940694523938e-01 2.154046790698149749e-02
2.878943998000371707e-03 5.207270802476535732e-01
-2.044613038557763218e-01 5.921586042334205935e-01
3.176122849889349009e-01 3.349915566835028891e-01
-4.725549539399949150e-01 5.660430144204821046e-01
9.366594116667654735e-01 5.467261090358244147e-01
-1.243950361946577488e-04 5.710177503934562582e-01
8.412273536211176683e-01 1.781035562417727647e-01
7.049436705395657476e-01 8.975670446280048509e-01
9.958275863836714148e-01 4.896278031347047754e-01
2.191300225173709038e-02 9.966060044346033431e-01
3.075481826299206745e-01 3.589134740343490337e-01
1.732263345979845326e-02 3.415262403825503057e-01
9.181806955120164204e-03 6.798968379983444388e-01
-5.790059336529591594e-01 3.076142790942567595e-01
-4.176988033820461244e-01 7.793892077834607690e-02
2.009472986798099825e-03 3.879878077211966758e-01
2.294441703145690958e-01 5.648556209428402530e-01
-3.123622944287642866e-01 4.207339038382315044e-01
-9.373399459393458866e-01 1.286955629183107463e-01
2.987601412488971597e-01 2.011444263746952066e-01
8.965547297850182673e-01 6.709667730148625164e-01
-8.761705951828508976e-01 3.383610147037114935e-01
-1.605747903432244161e-01 3.533731940212989642e-01
-5.451579639528854049e-01 4.825755553033515000e-01
4.817138897385537799e-01 3.696470210911462217e-03
5.948806189090283247e-02 3.065923094881619626e-01
-4.863839271801229103e-03 4.523645000794627169e-01
3.467868743380295715e-01 2.304305207584758097e-01
-9.154604926053724334e-01 3.817160393615478542e-01
4.267061032175289981e-01 5.630926348292640826e-01
1.725291250905987006e-01 2.340906817660911576e-01
7.271247387221158043e-01 7.220622755075449817e-01
3.633251318862606993e-02 3.639878784409503742e-01
-7.008308074294422596e-04 3.655598521157159553e-01
-4.632926420311160864e-01 4.132070541526846608e-01
6.565849455836936244e-03 3.001996219776645880e-01
9.294221897093146723e-02 8.555697642063087027e-02
-3.674607348024121478e-01 5.833732867626371110e-01
9.564752600564214724e-01 3.151609460370119464e-02
6.281441881830822638e-01 9.448609618293705159e-01
-5.972768228800884316e-03 8.273155677824596266e-01
6.266813089745562060e-01 4.038094972560885010e-01
9.477202771689203775e-01 4.542839117148608219e-01
5.061637303282737754e-01 9.231699270620952191e-03
2.254039808327545913e-02 5.470017909423008362e-02
-8.405694053594408022e-01 3.289440220729732411e-01
5.047242382134002892e-01 5.200705918818354645e-01
-7.423726112953676903e-02 2.745421216506339634e-01
-9.741849377968607726e-01 5.651930751479509185e-01
3.149306293016596037e-01 8.358042661914106830e-01
1.400787212513598945e-02 1.966785569951104984e-01
-9.714403713309449628e-03 5.248084245963168248e-01
2.595382055609740668e-02 3.472079920691375499e-01
1.736373891403353298e-05 6.401571587950919406e-01
-3.590687008933501900e-03 2.399480587684875710e-01
-8.695505617673602305e-01 9.514110292515856049e-01
1.918225315803665509e-01 1.266437333262878662e-01
2.992490000561214281e-01 2.098529724844120370e-01
-2.292710326695324152e-01 7.187148962230149873e-02
4.064453334562880826e-01 2.060812114346574075e-01
