4.490840992049358604e-01 8.978998142839622609e-02
1.748403352088125917e-01 3.475155860328030810e-01
-2.162954699691876925e-02 2.124090964969107542e-01
-1.925241245246456234e-01 2.317991383055139076e-01
-2.917461985626390586e-02 8.058181843404998990e-02
-2.110388474074953447e-01 4.311081118611226337e-01
7.473861928557923306e-03 3.542711979775257092e-01
-9.695882531067123722e-03 5.215105550593343020e-01
-6.612149989934879013e-01 8.809598917362159165e-01
3.038841081789271925e-01 2.347088735000364412e-01
-4.220776724083488141e-01 2.261372897700221207e-01
2.382126079275348474e-03 5.330652324598346148e-01
-2.836202865941082063e-01 5.874733202066430016e-01
3.327098814734557042e-01 2.019531775531819839e-01
1.892523124056828543e-01 9.838924513792901561e-02
3.464250159878308200e-01 6.258344928949926000e-01
6.522592095695411984e-02 2.557966102518381968e-01
-6.149080381973821563e-01 6.345770821389096206e-02
4.443331856158652116e-01 2.107697868185409718e-01
4.542056523738238205e-01 1.443504801267178062e-01
9.285297005636623524e-01 9.640359740996252702e-01
3.111604362620323805e-02 4.782094569441636134e-01
9.998710696420460842e-01 4.250509884209432432e-01
1.342911192156874822e-01 4.228527013705962734e-02
1.445874310808110685e-01 5.117378262908245379e-01
8.329325037053081360e-03 5.800302225001956469e-01
9.842944278603145136e-01 9.063950071217514726e-01
-6.431400747964000075e-03 4.100871831414175661e-01
4.428122373505871678e-03 3.686519993095849212e-01
-7.772061927396023417e-01 2.670715389953917107e-01
6.602032151303767193e-01 7.097519735184597556e-01
7.648224875565785563e-01 2.928795137694608641e-01
5.562644998218737591e-01 8.363429054579161193e-01
9.345037566803873208e-01 1.489196165896600199e-01
-3.830712892451768603e-01 1.759254548149065123e-01
-5.161134457373859341e-01 4.496711327606004449e-01
4.052343548988091015e-05 2.847206105013643240e-01
-5.687653025063608148e-01 5.447657050658557543e-01
7.149489828556927495e-01 8.470829126656698183e-01
6.794564594080205744e-01 4.653620646155554041e-02
4.593070732445334592e-01 6.005283848054507878e-01
-1.386235060318330437e-01 6.242529674851043930e-01
-5.453189967115583681e-01 5.974363192504628106e-02
-9.578618565898107118e-01 7.931772273020820663e-02
-1.861849396812669255e-01 4.955972861475071989e-01
-6.872988486446403034e-01 5.890520422092686559e-01
3.953141117677112515e-01 1.616861186443380172e-01
-1.194211940817770934e-01 5.722255556762871898e-01
6.603845408376276538e-01 3.120241320980251531e-01
-8.651259392094443612e-01 2.665651427600567169e-01
4.916874641951949343e-01 5.806357353326796478e-02
1.032511125200863411e-01 1.974887353626431086e-01
8.334482303592676278e-01 2.335051249300226228e-01
-9.303365932667373439e-01 1.379226337290767601e-01
8.159441944327714413e-01 9.178870461865037411e-01
-8.243665748259418891e-01 4.522767314763176394e-02
-9.795170068049243728e-01 8.154021822507413475e-01
4.833228060515670776e-03 3.113951126966365557e-01
-2.331889792524417526e-01 5.758425832135682931e-02
8.106771653172417658e-03 3.003226960305179771e-01
-8.549384737931187139e-02 7.301060741350301475e-01
1.227268063987185798e-02 4.670420643971732177e-01
-2.085004390690636811e-02 4.400310669399062347e-01
-6.564742571079662525e-02 2.001666536645071437e-01
9.539501467864530682e-03 5.217127935335340583e-01
4.316640510951210707e-01 5.304109566808006271e-01
-3.505977672423945535e-01 1.569937926331750333e-01
4.346542167573907989e-03 4.512929989306975198e-01
-3.627250266344914653e-01 6.709765908765661369e-01
2.759644059179722220e-03 7.698524050758480675e-01
-8.525069320452618449e-01 6.928502700086962562e-01
4.714564679634491995e-03 4.343762102713030204e-01
-2.735169275430830993e-01 9.455463144025808564e-01
-5.111803232183032009e-02 1.177606332884091334e-01
1.516197667487400036e-01 1.748318799781151123e-01
-9.623868670592996555e-01 9.947990504777515230e-01
1.138025857201352409e-03 2.977836847713016821e-01
-4.583701308409349195e-03 3.127826941744218381e-01
-1.412700315559822783e-02 7.491928977616785224e-01
9.359421408098467232e-01 1.590836525523089406e-01
-3.649479305403831031e-01 5.420720623529418081e-02
7.124837313903695790e-01 6.580664267446576510e-01
-5.215046889076280223e-01 5.043637216284858615e-01
-1.607778353484539124e-01 6.105134063972986747e-01
-4.593942358269156312e-01 2.571348991054693833e-01
7.762988216684765241e-01 3.478496182715208329e-01
-7.386428530203197340e-01 9.918670515049763381e-01
1.991687440056830738e-01 1.760450762929101076e-01
-2.945151831640766549e-01 2.111944049250266131e-01
-9.711951086927168575e-01 2.035432473094339612e-01
-1.512544495508507669e-01 3.901491285363345440e-02
8.292972614734395176e-01 8.682518140537355267e-01
5.626315861864394918e-01 1.798913718885316593e-01
7.844238460949464198e-01 2.649530693912305335e-02
-2.913258793011250791e-01 1.386141748339734248e-01
-4.007113700817361845e-01 1.992475095294554688e-02
8.699850997150246901e-01 8.105674868619863194e-01
-6.147396347625733171e-03 3.824283998702867615e-01
4.832714086608080883e-02 3.343085249312486296e-01
-9.168562441889518411e-01 5.757507789382110275e-02
5.520350335447954393e-03 3.011806540260586473e-01
-5.962036213495458536e-01 3.666513067449990171e-01
-2.200302651950931665e-01 6.157755775436589696e-01
2.032266054726816762e-02 5.046753195254982671e-01
-2.249732856604420572e-01 1.841756735411341772e-01
-5.727125255276210858e-02 1.889495791917252809e-01
-2.961249669296375231e-01 1.143485228872909154e-01
-2.132784820055153574e-01 2.017199251044032859e-02
2.073336574350848061e-02 2.085731203111707011e-01
-1.110249241092107209e-01 2.153905362708385951e-02
7.614352625293037136e-01 4.258337555554453369e-01
-4.580577055444234880e-02 4.592414129148869595e-01
7.803798212720352012e-01 4.690038382911877468e-01
3.447869202481523843e-03 4.103945179647436881e-01
-1.752107434238356909e-01 5.067047248827961647e-01
-3.954424610058016043e-03 7.419884747117198032e-01
-7.035007629470118040e-01 9.726792004872436559e-01
2.301174285379969930e-02 8.022367531110343730e-01
-1.325863791709525064e-01 1.675226654826774686e-01
3.191224538815427003e-01 3.792454597416305973e-02
-2.751950201114494732e-02 2.545178686202359541e-01
7.889853824097958768e-01 4.525901139092752823e-01
-8.106010200322957271e-01 7.127323199246893282e-02
5.328381258209449189e-01 5.709498428665583658e-01
1.816149657460481848e-01 3.299683841221207059e-01
-6.392853601738435199e-01 3.356073366944370973e-01
-2.043903527757739980e-03 3.393815845844038170e-01
4.009914624840187347e-01 7.644065881854775757e-01
-2.996414205605058001e-02 8.149738757929925193e-02
-3.472572218046199310e-04 5.664725696240038300e-01
-2.983991041686768764e-01 3.529062529580215823e-01
-6.466408899471234317e-01 2.705229733326084407e-01
-6.341090265575561880e-01 4.401185644233703842e-01
-6.571748447004233107e-02 7.341000081001800570e-01
-2.109102608208714980e-01 7.222453025028422458e-01
1.989002636702141835e-02 3.947143063108654593e-01
4.736354443050916352e-02 3.294475105280360028e-01
2.582133251388925022e-01 4.509285810193404131e-01
-5.316312609191742311e-03 4.131176016174988863e-01
5.713424489243408289e-01 7.808973268189171035e-01
-7.751510873647489142e-01 1.253133123494298840e-01
4.665449591605637103e-01 5.517935675708485199e-02
-1.223353868818666257e-03 3.708815302184638174e-01
3.246206148791626056e-01 7.763383000197376926e-02
-4.389633166093509509e-01 7.932994081605920789e-01
-8.359213321365652760e-01 1.697186245795188064e-01
6.538426257842435696e-01 4.750955015356104205e-01
3.031820443489352535e-02 3.370727026401892923e-01
-4.032429294775830009e-01 2.856318989631905225e-01
-5.253913983092055595e-01 5.224728418712704103e-01
-3.045909389025560632e-01 1.280229817898578260e-01
-1.987171294938860910e-01 1.606152963717238924e-01
3.016566932904529708e-03 4.307633409783068190e-01
-2.672904520458763145e-03 3.204785418080638992e-01
-3.541218414167763839e-01 1.757534939169780319e-02
-7.480254639820493878e-03 5.036580530630466734e-01
6.467937373621448494e-01 7.021834475500822181e-01
1.438932034692030903e-02 4.474063036864613929e-01
-1.572936533373781032e-02 2.385832148847499834e-01
-7.260373964230883992e-01 1.549537933032671955e-01
-5.337201189289166869e-01 1.444078131766468598e-01
1.384451099688499554e-02 2.689834866579806638e-01
-4.219239768916760447e-02 2.827005980353672898e-01
-3.506489073861200900e-01 2.068118924691353389e-02
9.031322558014536206e-01 2.694240298701688907e-02
-4.130273346372215215e-02 3.604450765457228867e-01
-4.116874229748768155e-01 3.910197151075922584e-02
-9.684068978684130524e-01 1.866981507105276439e-01
5.288612180987846134e-01 4.678195343030211450e-02
-9.846154119637740010e-03 8.948689804016025651e-01
-2.861549323518541854e-02 1.806591108961518310e-01
4.416325495871791240e-01 9.314729071237297653e-01
-3.500678906434349091e-01 1.597245379474887539e-01
7.831744881169317996e-01 5.996061840285363820e-01
-1.464083494657335560e-01 3.136501170133331184e-01
-5.072395385913650578e-01 9.539683404618963802e-01
6.924517908672294109e-01 8.240208786007652275e-01
-3.213693998953948139e-02 3.561400645738089787e-01
-5.973233482452620091e-01 8.373586383740396766e-01
2.994717763513354836e-01 4.083719744294918019e-01
4.580620992248147783e-01 6.792458655284477897e-01
9.179657717553297847e-01 5.244263123265957560e-02
5.396271800061747115e-03 1.722391858695602185e-01
-6.323710882696991220e-01 6.881511131212995069e-01
-4.149135991786456756e-02 3.933718556955556611e-01
-9.803716430314768360e-02 9.738173737719583167e-01
-6.739380953687661435e-01 3.098103999830255084e-01
-9.808339577684503929e-01 9.860252381566319002e-01
-8.860785056962527939e-02 3.124271549881746379e-01
-1.447502653095629199e-01 3.222254195528215792e-01
-8.963470678356435517e-01 2.737625212516081596e-01
4.755545873775468557e-02 9.244939791491153525e-01
-9.156643213966311201e-01 7.862684607975897189e-01
1.113249347635669739e-01 2.071560697164672726e-01
3.750966902629722100e-01 7.426828188132481579e-01
1.743319878643134757e-02 4.751837004088745875e-01
3.240006961878802993e-01 1.476242487900062406e-01
5.168411415136848763e-01 2.567383960587907854e-01
-9.185881439623446720e-01 3.439074388529285153e-01
-1.058159302238514954e-02 5.688664544332873163e-01
1.249595008894941461e-01 9.510139859546614671e-01
-3.457057666747642699e-03 8.131329020718773837e-01
-1.068163424962120800e-02 3.201363899333994345e-01
-7.765416792692207970e-01 4.113036506132691228e-01
-3.045064002054536090e-01 1.049320577977103097e-01
-5.137662289401587756e-01 5.076286807205674378e-01
-6.663342126268068100e-03 7.235227932503052184e-01
8.790283078242151493e-01 4.693123210641669818e-01
-1.498029794915201052e-03 3.466751736618951529e-01
9.684307363566875271e-01 5.172803988030881817e-01
5.654830239682353543e-01 6.777840928970266798e-01
-4.396365305552749625e-01 3.231171607864944395e-01
-4.759285634891985417e-02 8.417703075363147658e-02
6.584577163924718590e-01 1.191963448886695920e-01
3.953869692351341669e-03 2.938378876091086722e-01
7.208400960702368021e-01 4.398012431261784094e-01
5.959887734536151171e-03 1.026611629946528881e-01
-3.412521939763015766e-01 5.355939817269292913e-01
7.656336057187671518e-01 3.016694549809026960e-01
-7.990605468732325800e-01 1.555701987685064180e-01
3.620958741870434761e-01 4.075672459347151610e-01
-5.890035359436516238e-01 9.240128575308149683e-01
-7.650677732776594020e-01 5.864301303074379579e-01
-5.434823562514123907e-03 4.270649509242685493e-01
3.648463037298088629e-01 3.299249169516045299e-01
-8.934965040115734336e-01 2.799689159204316047e-01
-6.533639065799912160e-02 1.062714932256725309e-02
-6.511277255923360041e-01 5.311251410677103602e-01
1.762184039488179366e-02 7.906675111472868389e-01
1.305270024591020928e-02 7.695149005633956651e-01
-6.233890321902579856e-03 7.195495118880717023e-01
-8.811919652071509290e-03 6.077285503064195904e-01
5.838411265544674045e-02 1.561004414079069091e-01
-8.350930457071470414e-03 2.343564461711309388e-01
7.891905973576576194e-01 3.181514993008022207e-01
6.077694699477409479e-02 6.013625165710736464e-01
-1.311443093071806842e-02 6.295745730768107506e-01
2.219661700282447026e-01 2.287016665913211844e-01
3.668185278708624431e-02 3.946120151597357628e-01
5.415071812025415987e-01 5.033317205753073953e-01
-9.881602322358469248e-01 8.229392054533298806e-01
6.240070525593166550e-03 7.745832502906860872e-01
2.406964114967546919e-03 4.715970579823344222e-01
-8.684315916313232186e-01 3.065685346279310997e-01
4.190006360502174232e-02 3.141705377463308579e-01
-6.903225134315762457e-01 8.064858472098799247e-01
4.140799652916293816e-02 4.080397192455276212e-01
-8.655943233963576677e-01 2.403541659881907044e-01
4.978243918732858653e-01 6.599047136602986807e-02
9.391638151973293880e-01 4.959231525982081834e-01
-4.491543393843200338e-01 5.056213605085866369e-01
8.103742908890416707e-01 2.052942160105326597e-01
-3.119991051727333264e-01 1.131704073716581771e-01
1.577901127674530279e-02 3.805673427771211204e-01
3.413703249350197311e-03 7.299251247788770547e-01
3.592883506289012985e-02 9.724803347283293986e-01
5.697040224400518049e-01 3.949516155139938256e-01
-5.850976109030803229e-02 3.208546370251051938e-01
-2.079459364202040916e-02 4.350460146037705700e-01
-4.722696329640769797e-01 6.374456899795706288e-01
1.301936393520519708e-02 7.667429110316132945e-01
-6.486011405667151397e-01 9.622885258305808875e-01
-1.130492283194912684e-01 9.801419188676960825e-01
-1.301182707036607766e-02 5.031776344190801442e-01
-4.205957592934765898e-01 3.878358641980261812e-02
1.058498976802531022e-01 4.596979171335245917e-01
-5.899099515051804410e-01 8.108880725156684122e-01
1.514701365630699570e-03 4.996169758826251028e-01
5.624110565520441529e-01 1.142441114794009449e-01
6.207607121281439877e-01 3.634632512167046414e-02
4.372468402381706198e-01 1.890372764527910032e-01
5.906047494632080674e-01 6.293345695648885352e-01
9.159565483218752302e-01 8.585350347072084887e-01
-9.445185010788141877e-01 6.118375656154514397e-01
1.166914750733800687e-01 7.355421910816184461e-02
-6.435761256015395393e-01 6.432406241427347515e-01
-1.018746872067213260e-01 2.283406541216513874e-01
-3.329682660013322248e-03 4.080848797965929142e-01
-9.714029388695386569e-01 8.901118531574508941e-01
-7.935271818737148486e-01 6.917582088421743158e-01
-7.188188022488830597e-01 1.907989223133285117e-01
-4.128145441695318940e-01 4.152544777311950597e-02
8.635683879044491196e-01 2.434609040547517367e-01
-9.536899851376108295e-01 6.854264962717299126e-01
-7.289340380704611988e-03 5.623930380916228877e-01
1.945575044976766144e-02 8.495652876758913452e-01
-1.558099175397744673e-01 3.152069020453306392e-01
5.346783072457395036e-04 3.598196748937542155e-01
6.837639714601102536e-01 3.693082064801334052e-02
6.614680353440891558e-01 6.467021809003611343e-01
-8.231519987725843812e-02 3.553105429617756661e-01
4.216488336796819780e-02 3.193915601125026926e-01
-3.525142613261089686e-02 3.589052636878875546e-01
-1.363587211406964705e-01 2.984158406359457283e-01
-2.392568587264545243e-01 1.895702165548527329e-01
7.697710075094770232e-01 3.064249324222616533e-01
-4.046674311564801840e-03 3.801549048487977700e-01
1.236611436403920461e-01 6.505454684034158719e-01
-8.588121702466460228e-01 1.968747040895368894e-01
9.762485135747942522e-01 3.893326226555995362e-01
4.083627849316135983e-01 4.725039426315441604e-01
1.933844450205792764e-01 1.928812054069040105e-01
-8.781272259129919711e-01 6.680033064506109008e-01
2.619167631360674875e-01 1.492839943786063994e-01
-5.985319332799299286e-01 9.102967078182214733e-01
6.923954665554687971e-02 4.692983054385740926e-01
-1.919799905887975555e-03 2.836710348874800225e-01
2.211302502365986022e-02 8.091546425404562148e-01
-5.510395906942744393e-01 1.728574785402416936e-01
5.167940411479310381e-01 7.736872580173064229e-01
-2.999501977418734810e-01 1.901484256888912316e-01
5.525853311639303822e-01 2.357813230847356500e-01
-7.410930581853270027e-03 8.128038982335255014e-01
8.143431667002098973e-01 7.398196919144170991e-01
-7.268054961415471027e-03 7.187476164357737840e-01
-5.145363499130928275e-02 3.047842698371738823e-01
-3.026962047664500943e-01 9.951634194810160539e-01
1.204390406242072942e-02 2.072700546631728313e-01
4.956440353352986605e-02 3.599194379400628696e-01
5.441283614781158295e-01 6.435746053673023770e-01
-3.739098495866488570e-01 4.189479706303134154e-02
1.534163790942555394e-02 1.900320119589686829e-01
-9.028621352211658735e-01 4.082414136211779399e-01
2.442006937974741110e-01 1.157072071401390456e-01
-3.328380798713190813e-01 9.238159036023465553e-01
-2.412724333763502926e-01 1.949521198863416460e-01
8.188209798830137220e-01 2.397547375972830519e-01
2.300588073819869184e-01 3.551246922825865848e-01
3.767033482751669382e-02 2.042385650134839192e-01
-1.795010663049767530e-03 4.893628639997865681e-01
7.679403977388199465e-03 4.554287982925544487e-01
7.105208926020629701e-01 2.628030393305854640e-01
-8.082178830703896644e-01 9.554055133716721215e-02
2.008534493552538436e-02 8.271021851376054723e-01
-7.982414096430827666e-01 7.920495330467841599e-01
8.416537028334925008e-01 1.072192454653818627e-01
-3.374166114126084803e-01 2.308583206558689760e-01
8.789923499140790408e-01 9.074193844630041861e-01
6.794755261334621821e-01 1.290625027342077180e-01
-1.231847712875469014e-01 7.736069819256462532e-01
6.591852534925024543e-02 8.787950122493678462e-01
3.453287094107686528e-01 2.248347790535045743e-01
-5.716430838565056405e-01 6.693507765883381921e-01
-4.056953346840512786e-01 3.772886698609045908e-01
-2.352001810297701390e-01 1.768357821390360574e-01
-8.245007559081751758e-02 3.237916857266349702e-01
-7.363468852957810729e-01 9.587363127387352746e-01
1.868912684472623376e-02 7.460375089097822654e-01
-4.247615169526182122e-01 3.653277448199249156e-01
2.816170982496066788e-01 5.609941252878966056e-01
9.302145086089579351e-01 1.307261994997130916e-01
4.839304795087311373e-01 2.368427445952292487e-02
-2.971612089299848769e-01 9.540439111893915802e-01
-4.441427888536779722e-01 6.444941394539214219e-01
3.456011867508035351e-02 3.957057507927936868e-01
-1.494443504014089097e-01 3.710361467319033268e-01
6.293057210615986552e-01 2.115997806513392199e-02
5.255256186674923669e-01 3.037894518767489949e-01
-2.227650705620496385e-01 2.703345092180815534e-01
3.369964576761261821e-01 5.387676695942955618e-02
-5.171412180127363811e-01 5.754087974833722585e-01
9.138216121744242582e-01 1.926222807807966841e-01
2.982641388377711422e-01 8.444273540619839924e-02
-6.801047457868252266e-01 5.690058270372165827e-01
4.194965672631514320e-01 2.894518618359107620e-01
4.087093265121133356e-03 3.602188961315894167e-01
3.091525261686669523e-01 5.257973978977137364e-02
-4.302932180969922804e-01 9.435111326519740604e-02
-4.873881682773617552e-01 9.213972003937559441e-01
-1.338858184273545859e-01 6.936774462000381281e-01
-2.509249518115819200e-03 3.720428012887500024e-01
-7.849634555883435727e-01 1.849474350544768608e-01
6.775018258469600596e-01 9.111265176342910888e-01
-3.494487099848353484e-01 1.555334216156055716e-01
-6.064006604447502724e-03 4.898498500122584476e-01
4.614102398769230895e-01 3.648557628014237331e-02
9.696192257157987271e-01 2.385650684350215656e-02
-1.364856983485451813e-02 5.463169679931856315e-01
-3.389658136811835032e-01 2.284875189916490967e-01
5.918502933170155522e-01 4.827235240445106879e-01
7.315453624780365871e-03 1.250013669081272427e-01
1.759123082298914564e-01 7.890110233235740900e-01
-8.647718974036062711e-01 6.617157260322864554e-01
8.658859564007674869e-01 3.256006669199756898e-01
2.381725999510535541e-01 2.748906288762545946e-01
7.693966361391069153e-01 4.812431718726071228e-01
7.835744197066689676e-01 1.230688481676954771e-01
-6.301988279308989860e-02 5.151929003902265825e-01
-5.632243854581910902e-01 5.171396280428558478e-01
4.708690410187219566e-01 4.081424357072855891e-01
6.985419295227335290e-02 8.785683056323881912e-01
6.429207070174682848e-01 4.166358279233196571e-01
-4.891878584284869991e-01 6.064541446801058333e-01
8.231411527002581163e-01 3.907237878039744317e-01
2.021500638962803187e-01 3.982245783290286889e-01
-5.125549461889680192e-01 8.859240311686961133e-01
1.908832831014666276e-01 1.757895623283659559e-01
9.453171225337664296e-02 3.342340123210753022e-01
1.400503294531247889e-01 6.628507713805843471e-01
1.064090676098139454e-03 1.985740861006943803e-01
-7.782804410325654398e-01 7.758743361345324940e-01
4.013881203114186835e-01 1.836349610502674423e-02
-9.970424760357610161e-02 1.403552688284547267e-01
3.631620094780563246e-01 1.744972950120020627e-01
-8.626311917675655305e-01 1.843399341683694681e-01
-7.617082714295633217e-01 9.868732720195335650e-01
-1.051988960999230560e-01 2.237219871436293417e-01
-7.397335535633073889e-01 9.811204718727584151e-01
9.763533891681988042e-01 3.769602906784041974e-01
-2.712023305778750171e-01 2.127198532345353499e-01
-4.560855862684842776e-03 8.540185072107110420e-01
-5.417977177172541570e-01 4.786798094535015258e-01
-7.485457130397432657e-01 4.629572899432042865e-01
1.842737424982321404e-01 2.148728095561587281e-01
3.358320572768800361e-01 3.866425596242883955e-01
1.129583502294815300e-01 7.851552412787879964e-01
9.366337779653601814e-01 8.453323055080720350e-01
-6.304760057292146946e-02 5.941469426899649298e-01
8.551849004194116421e-01 2.470498908195482013e-01
4.393482466230453909e-01 1.936069770231110265e-01
1.317728079728615054e-01 3.078759576696725730e-01
4.499530250847261215e-03 3.323809918065272484e-01
-2.992188819848597969e-01 2.558026246983351459e-01
-8.701233854478105378e-01 8.782946453098011697e-01
5.969340016030093565e-01 2.348490022438313174e-01
-5.942035503682483455e-01 3.547351770040857444e-01
7.663508179327462866e-01 8.816550859936063134e-01
-5.795159060878685153e-03 8.586002302691300159e-01
-3.821724144176901206e-01 9.216020800464672647e-01
-2.705581557521297142e-02 5.522137139973170017e-01
-7.645650624994708711e-01 2.003992323761454308e-01
1.016823515464393424e-03 2.557224640758100076e-01
7.319397273059382591e-01 4.856084984944974980e-02
-3.603356757903908303e-03 7.848777425004930253e-01
1.385823126550689288e-02 3.623390441102608550e-01
-1.692609078100648645e-02 4.395949710382496267e-01
-6.430335795133994559e-01 3.444943421595864086e-01
4.717207415657982406e-01 4.587193658804317176e-01
-1.499290179102279463e-01 1.970207453580855583e-01
-4.707955960026446451e-01 1.317811683749463558e-01
4.033984419801366350e-01 3.575649241308200832e-01
-5.948627110237159066e-01 2.972248500678471572e-01
-4.863839271801229103e-03 4.523645000794627169e-01
1.304112562117354379e-02 3.298185514364437854e-02
6.887600136084197633e-01 5.787245380530925409e-01
9.702545761265104485e-01 3.679055786308471632e-02
4.049654202159080896e-03 4.189990278254280831e-01
-2.102378131651392312e-01 2.912878117425814484e-01
8.267259065211352009e-02 9.884281375360826072e-02
1.667022355755796159e-01 1.809526598038245782e-01
-1.526580866466267228e-01 7.826654972023971979e-02
7.953216161022957920e-04 9.915975947260695644e-01
-9.513532135842268644e-01 4.385267370946448473e-01
7.240399679602038674e-02 1.516727197243449288e-01
8.756733325371035548e-02 6.174764499078712054e-01
6.335361382342237224e-01 4.038268423731606882e-01
7.931166146896293512e-01 6.662831235351516224e-01
9.873230772772245700e-05 4.383560359402077777e-01
6.553094084426740462e-01 5.814736296856496400e-01
8.937283679624208332e-03 2.675547933414100799e-01
-3.379267375454000355e-01 2.529018937242817344e-01
-5.041947447654648862e-02 3.113292705169500296e-01
-9.909589352396965811e-01 8.032468588069430204e-01
8.952184530100484317e-01 2.797494182547080044e-01
7.741437332010434602e-01 6.679714366708339179e-01
3.466270932572221852e-01 4.050644367003018997e-01
2.641457766147681241e-01 1.252187084481733992e-01
3.176089278847566977e-01 3.133265016453528062e-01
-1.575214839583254367e-01 5.966333012301745509e-01
-6.555081539061173856e-01 6.311688121445708788e-01
8.077429896750443206e-02 4.196571231783767786e-01
-1.435042203031811070e-03 5.817268856461570437e-01
-1.820317774383246601e-01 2.217306256996183222e-01
-7.063081543813278795e-01 7.591423204792446811e-03
3.710066061467380827e-01 1.796950934035149716e-01
3.363366434316104048e-01 1.285558600841777421e-01
-9.339648444176500419e-01 1.390624382574341400e-01
-8.977166022148339586e-01 4.004946236309067098e-01
-9.964556713995116333e-01 1.719301429110603463e-01
4.843749284478777728e-01 7.786609410061725578e-01
7.467878497341384758e-02 7.658055782711059578e-02
-8.530141675489677500e-01 7.203307352935593988e-01
-2.296774380286079609e-01 9.599114518856396439e-01
-1.441973642654326149e-02 4.045874741364821059e-01
-4.729598376832007123e-01 4.540239696823633597e-02
7.646689804645463440e-01 9.442415778909833968e-01
-4.017778912947962411e-01 4.100671589796678340e-02
-8.686970491441359243e-01 5.833741139599403214e-01
-9.760025006031238792e-01 3.026774910876425251e-01
1.489200541988955351e-02 3.914776665083375962e-01
4.829973187045701888e-01 3.265412840296362251e-01
4.313486745779617770e-01 1.564325333194853673e-01
8.703552000602177152e-01 6.462794113888372660e-01
-6.848351969393777772e-01 2.532003756973474351e-01
-3.104924947509457578e-01 3.578052107812870197e-01
-1.938536598778495268e-02 4.425671052121532556e-01
9.072839003110777512e-02 5.594536277620580922e-01
3.990719783528118292e-02 2.376896858667915113e-01
2.810216965369536357e-01 9.714841382037291417e-01
7.109841315214859847e-03 4.203298694545793968e-01
5.896471819792847846e-02 5.312330035640566717e-02
-2.743362124199169028e-01 2.233409657231609780e-01
5.961065086755179543e-02 8.240512110828446257e-02
-2.135020811623817849e-01 2.312986183850762600e-01
8.657115167370184050e-01 2.801579069352059248e-01
-9.917541782785235238e-01 2.425514312112283521e-01
-2.373669276175882636e-02 5.138559753046554324e-01
9.218978651134424052e-01 3.068169672572479412e-01
-1.956601601642418142e-01 8.212083844920676778e-01
-1.715062655462460395e-01 3.415821670073756477e-01
-4.448424977642528866e-02 3.280753887480851727e-01
8.181671113291759667e-01 5.431148063532806880e-01
4.212464968535931664e-01 5.543541008321640762e-01
-8.486339301302519011e-01 4.897423032960682709e-01
-4.605521627267128437e-03 7.193584864925801625e-01
2.240782935938505638e-01 8.872173175702402492e-01
2.862820520901783183e-01 1.994692938033587604e-01
4.274606368251236965e-01 2.786248862297466822e-01
-3.331561460131422514e-01 4.253513543809546160e-01
-1.471142435252752456e-01 4.580244850942664092e-01
3.553171505943075736e-01 6.189505521780769293e-03
-2.122010242803926694e-01 8.114029704109197993e-01
-4.979107921943530801e-01 5.602595514141558430e-01
7.214734102182345232e-01 9.165969275516810955e-01
8.684940963190050933e-01 3.360795560919366265e-01
-3.265066801374771899e-02 1.594091596865087057e-01
7.132912349557152254e-03 2.612804004821474013e-01
1.016764414030202346e-03 4.313380329180501738e-01
3.594087598261630490e-03 3.986384564476113113e-01
-7.379826365506780839e-01 1.594440122084332945e-01
6.875833431933489059e-01 5.023011266150996246e-01
1.272899604003052687e-02 3.674897094478015713e-01
3.567072891454969863e-04 3.628431494748378672e-01
4.384524879860531854e-01 3.653497241226579817e-01
6.924796941110702431e-01 3.472105611704279227e-02
-7.698566896363612244e-04 2.785238830425980083e-01
-4.678621376504210616e-03 7.620369161726945340e-01
-7.281316759216660550e-02 3.384755482267135518e-01
-1.644378713683058990e-03 2.212137915280044664e-01
-4.224079182134528043e-01 5.911589571287756417e-01
-7.245295801490310161e-01 3.349525225168304976e-01
-3.822931282145731746e-01 8.701653207432070714e-01
7.473430715782125588e-02 8.500233900574024615e-01
-2.952461994083499519e-04 3.535910920219121900e-01
5.795940717205838588e-01 7.115624145745019780e-01
-2.560315818370484386e-02 5.436997800151981419e-01
6.784831980321026634e-02 2.643040500150335426e-01
-8.951887920991143943e-01 5.674927353861682899e-01
7.927334246296191544e-02 3.435297761934387184e-01
-6.883168375579824527e-01 6.620645763550815355e-01
9.472684169498173379e-01 6.566539212110981127e-01
1.340046825347100956e-01 2.851438075978471876e-01
5.344049735079610119e-01 5.515690010762456241e-01
-3.380981851871496247e-01 3.215937034775280257e-01
-6.408826083901619786e-01 5.945455014941726235e-01
-2.032925307341320043e-01 3.951735325517258257e-01
9.391055173710853854e-01 4.077615725196102048e-01
9.237704050658073207e-01 3.025762412263830470e-01
-5.972768228800884316e-03 8.273155677824596266e-01
-1.998023128016623851e-02 7.091594827365368392e-01
-4.807817476798981193e-01 5.620277512080369409e-01
5.403060829738193238e-01 1.614451491656849758e-01
4.566810595251551419e-01 6.469989162549785178e-01
4.661597629537506116e-02 8.439781512190175361e-01
3.292913277632629754e-01 7.810531859110231290e-01
4.118914359566128169e-03 2.192137447487586543e-01
2.746677272643021084e-01 4.518555504189629701e-01
-1.803783657709152610e-01 8.665483142658404470e-01
-8.398354831278709298e-03 3.985312734560270131e-01
6.262852004055243782e-01 1.757973233710953265e-01
3.871646606755705378e-01 1.822978398856727189e-01
1.334003002301464846e-03 3.982592095854790015e-01
-4.563808931068957797e-02 7.521706198864219761e-02
-4.675768500508770131e-03 4.385167228158926012e-01
3.340533568855947877e-01 2.045299781357112767e-02
1.185612476665613979e-01 2.971229825991350548e-02
2.951006551486681229e-01 5.572269126125872774e-02
4.850790523367196627e-01 9.424843904423159113e-01
-1.080008114564545707e-02 5.248670888654092259e-01
-8.755831622103014134e-01 6.121476450115578283e-01
3.611510531700790061e-02 3.267708717501718318e-01
4.596492530820563971e-01 1.946747270043084344e-01
-5.934573128183653346e-01 8.307062310204805788e-01
-3.164354988527984247e-01 1.015122211955050702e-01
-3.608856767696950740e-01 2.547050959319819841e-01
9.052326499349347966e-01 4.315491310113785950e-01
-5.710682032337155434e-03 8.335335710536201370e-01
5.510631723663317327e-01 8.085454018514638408e-01
7.081859004379076339e-03 3.669467547057596590e-01
-3.266429451696306607e-02 4.929242323149137794e-01
6.266478662609251682e-01 3.566789643977318347e-01
-1.552173432899750516e-02 8.152927056799429417e-01
-8.869970852638981995e-01 3.092021452997651965e-01
-8.659224837034895650e-01 5.757514226876830898e-01
-5.701903435947615062e-01 9.635810552787753558e-01
5.476118317653793088e-01 4.481973423118001953e-02
2.428591504175017235e-01 7.638974614194755652e-01
-8.950154117217410388e-01 7.528468721793646345e-02
-2.796493681385776586e-01 3.794343847852937879e-01
2.227571952239284503e-01 8.649490279332624487e-01
4.385224735951145369e-01 5.148643818828735341e-03
-1.346187124959818959e-03 3.369749021740474637e-01
1.195105176794164503e-01 1.611359879525016137e-01
-6.340008853590648474e-01 1.028014284342220197e-01
8.610255370206898462e-02 1.243917964418995714e-01
1.819129982396607836e-01 1.197570319817784501e-01
9.714233831968461796e-01 1.077605089911580771e-01
-8.649458172875312822e-01 3.293976994727724206e-01
7.465292005640244977e-01 4.578635223201905635e-01
-3.397321619318887098e-01 6.962955419671043034e-01
3.272773015878671643e-02 3.735683957586654058e-01
8.792934922229855843e-01 6.024613398353273475e-01
7.409430235079648153e-01 6.153481030691720921e-01
-6.173951996036426415e-01 7.497392050172223543e-01
4.133262061253812902e-01 4.692253068986371733e-01
1.981459457332102048e-02 1.927093122310282736e-01
-2.628381931643710701e-01 1.983255449756237132e-01
-6.455802355799638015e-01 8.114741965886983488e-01
8.242007704466440821e-01 3.927559822699424608e-01
5.510288944453234361e-01 8.556122829240175864e-02
6.628676643881381558e-02 3.946642117737921840e-01
-2.260602650851961659e-01 6.085322717913355106e-02
-2.252251173185948474e-03 4.651649074218281443e-01
7.757557084891297805e-02 8.765720410876575164e-01
2.728222549092211846e-01 5.893232119805077440e-01
-3.404777774002629709e-01 9.130238172882754188e-01
-3.685396989050904182e-03 4.444941283303482926e-01
5.280811188590690541e-01 9.911062680616521403e-01
-9.225665612860995957e-01 3.354488082741109434e-01
6.080036985933674476e-01 3.558999380879676044e-01
-4.949998427712221094e-02 5.582821819910778194e-01
5.095553948735480621e-01 7.332658281377935072e-02
7.774917572593853521e-04 4.600980524084478107e-01
1.586254460655065479e-01 3.480699579030414048e-01
8.827279356213664219e-01 8.594775864908248408e-01
1.748257140289011247e-02 8.395773862864468473e-01
7.320547029671331529e-02 3.577363841189721283e-01
2.331094116617915546e-03 2.194293112118717026e-01
9.906039673074515939e-01 7.920304688160114681e-01
-4.110776256049453181e-02 1.534996992702837293e-01
-5.238417410134463825e-01 5.952604477354661583e-01
2.579579548116779364e-01 1.730657009699667626e-01
-3.143835987322818326e-03 7.376593711864913860e-01
-1.314151252479089926e-02 8.219705856977628233e-01
8.578409398610591374e-01 3.385860604955985842e-01
-1.562820822088606398e-01 4.457816951602600053e-02
-3.323529562084592825e-02 3.660478670398185086e-01
6.372607187501020398e-01 3.339613785362344212e-01
9.406627128586959596e-01 7.268785412519176425e-01
-2.554920538487639448e-01 5.816363382973694929e-01
4.421545635792623052e-02 1.968327987616150798e-01
8.286694587780398802e-01 5.769963191447868844e-02
-1.579023853508816355e-01 7.085101323099096682e-02
3.021189614690424907e-01 2.337898975093646303e-01
8.539206376819430400e-01 6.446740555364482983e-02
-6.585796438392108598e-01 4.271612647158482545e-01
-4.856984676899922526e-02 8.983511758197203489e-01
8.038344205902299144e-01 1.151925198628068747e-01
7.550424936820818722e-01 6.019624180834852734e-01
2.959224663280537460e-01 1.603066161541277790e-01
-4.875773295904335392e-01 2.723590595647161772e-01
-1.525582270977687838e-01 2.763237909297763251e-01
-2.831944871042719747e-01 2.180247509536711314e-01
-2.138471236347871951e-02 8.805336985685181528e-01
1.634040279018147412e-01 6.653565872330788888e-01
2.243337287802549262e-02 2.333960593735631139e-01
-2.469781012679137522e-01 9.571675541841010437e-01
1.353636898931274146e-01 2.430084913295799121e-01
-1.363510649566348487e-01 7.768977712271702973e-01
-1.686350240372735954e-02 3.523841678037782366e-01
7.312389647693648964e-01 8.649095610799817369e-02
9.947358287415548617e-01 6.833992190544924128e-03
1.525400884607397423e-02 7.244957851401845339e-01
7.940649613151160580e-01 6.481156303792175999e-01
9.047057612386999459e-02 2.993244822496766711e-01
-8.749669482962647571e-01 3.868796772576097442e-01
-9.069542939689667627e-01 1.096183722845931463e-01
-2.608950936663385622e-01 2.028207709199953968e-01
-6.651891717379783131e-01 4.337580974534444023e-01
2.497639891860565786e-01 1.234390440775113840e-01
8.136014534145650234e-01 6.006202417326166332e-01
7.563083309774496499e-01 3.996975592424348855e-01
8.479624438866562031e-02 3.701654132277981679e-01
-3.238974943513106552e-03 6.772587482241626544e-01
-9.474609594169214333e-02 6.607292078959745574e-01
-1.051449286175054620e-01 5.356206244386828574e-01
2.210916964411580032e-02 3.337040215883299021e-01
-1.278691644935185945e-01 3.246333331369141151e-01
-3.489031674917846271e-01 2.001235973008684832e-01
-9.450718526550758725e-01 9.397499778573681350e-02
5.137816655711247016e-01 2.019391454085224247e-01
-9.189873620130113441e-01 3.307101755222360273e-01
-7.855849960974823354e-01 7.428328192681538100e-01
-2.369180275757547527e-01 5.407412078366602426e-02
5.481475358638698836e-02 6.815788030918612517e-02
-3.993605451780692928e-01 8.199098895440851686e-01
-6.738860337267256195e-01 4.377178175732743259e-01
-7.484796988775863635e-01 4.657997449746520413e-02
-7.637260148974223117e-01 5.224752256905690340e-01
-4.412337201625240457e-01 2.830487374554343516e-01
-7.885389864632075252e-01 1.853485201907500990e-01
-4.021191582070482440e-03 8.342858513596310699e-01
8.958894914575534774e-01 3.730442146598718089e-01
5.686146729883336803e-01 4.072807791656363197e-02
-3.116021323617055305e-01 3.366651217817605568e-01
1.476189751274215034e-02 4.178337790794862672e-01
7.955955255748696775e-01 3.160112892782899197e-01
-1.435667927218331474e-01 2.774664230538292919e-03
-8.803636551972775504e-01 8.671462114386252473e-02
-9.828606154418029206e-02 2.117635942405888816e-01
2.113889025609112515e-01 9.346514365935399971e-01
9.688515677117903735e-02 1.463522676321428184e-01
6.186326614455228690e-01 7.892803101660879062e-01
-1.234736781740926048e-01 7.187345370061229977e-01
-6.085772525569699276e-01 8.512076064637352779e-02
5.012719500833733299e-01 8.783998383587965364e-01
-9.639079916247539348e-01 4.887134238794450525e-01
-8.713585454356171933e-01 9.958515460650630979e-01
2.121624063643423597e-02 3.957691487408140363e-01
3.908295218887456457e-01 1.140222079808062006e-01
-6.248745244355426998e-01 6.515454557886933840e-01
9.376611907744045737e-01 5.797295287171408962e-01
-3.489289697600514994e-01 2.134536124150343550e-01
5.560376345504547402e-03 8.184303994827752948e-01
7.389615717936504069e-04 3.414184042519053941e-01
7.087471142867896035e-03 5.263063876537225072e-01
4.286473515227839926e-01 5.775118719640680576e-01
1.711533339673110277e-03 2.993842943142669411e-01
-4.664542906322377558e-01 1.729442235894573798e-01
-9.263741381796037899e-01 7.062494464584012643e-02
-9.609915904473194104e-01 1.949081189767211120e-01
6.835030730655247133e-01 2.095274533638866732e-01
1.458555728904964433e-02 1.084405230246291429e-01
7.279708973001675076e-03 4.580520624985359168e-01
-2.732637904220536207e-02 4.289136175727434885e-01
2.268767993966165353e-01 2.314880642447505465e-01
9.977444790400915586e-01 9.873107680579736867e-01
3.075700566072505637e-01 1.527758446710494322e-01
-2.015905629530860832e-01 2.017343364325360211e-01
7.847179314859342725e-04 3.713025018532245536e-01
1.162145139252723780e-03 1.933663749460642345e-01
8.386405626624517939e-01 9.809589278888957153e-01
-2.453241040842357723e-01 7.502081824809671007e-01
-3.015452855899525275e-01 3.077689825373629562e-01
-8.616414780537804408e-01 6.098852472095868116e-01
3.125291260673668248e-02 3.476912716625157884e-01
-1.084806380762382005e-02 7.844266861736233221e-01
1.220502400589169589e-01 3.781290922806522792e-01
3.501492702084625375e-01 3.673268261680996405e-01
-3.529093982888507064e-01 1.355548659006547974e-01
-9.634424837224573324e-01 5.454328361168884198e-01
-8.409106731174809113e-02 5.417316267131250251e-01
-2.416287751470200806e-01 1.554140609323200195e-01
-2.162629204478005995e-02 2.062992817203550544e-01
6.888958868614667441e-01 6.851717713014353617e-01
-9.711160930127988866e-01 2.229164285527898137e-01
1.506217831562906007e-01 9.563221249136751867e-01
-8.137111859168417727e-01 1.981796375016239287e-01
3.236623901118025337e-01 1.096030889390815499e-01
2.214938888681126095e-01 1.766806185065812329e-01
2.053087025444346736e-01 3.051855751595212718e-01
5.840470077686232830e-01 3.212539460046249795e-01
-3.986277856026676503e-03 8.041387070156091887e-02
8.418469647084936280e-01 6.209853224400065930e-01
3.280804962326855367e-02 3.157503447892674453e-01
-5.466845454081248334e-02 6.695120202901350126e-02
-4.144018332424945772e-01 9.576837983621541150e-01
7.026395049984823782e-01 5.564704662860057161e-01
-2.048167945281136326e-01 4.599149918528355752e-02
2.385716469993681699e-02 1.939548397455850282e-01
-3.630504379558807670e-03 3.869119928688172783e-01
-6.222134515009609679e-01 8.057332363680492771e-01
1.243844288139304144e-01 6.420991091651546689e-01
-4.074160680714755678e-02 1.926002357497017536e-01
5.586843406682642232e-01 9.266266318993353623e-01
-4.423155567024559254e-01 4.792893037226900743e-01
1.251738481065085562e-01 2.760605548108765461e-01
7.923618262454246164e-03 5.033164578268854994e-01
-1.856827399410567736e-01 2.458889450072766492e-01
3.790099479357045276e-02 1.955586127679542763e-03
8.560941080397963532e-01 3.134257962561882715e-01
8.937686098506869570e-04 4.181660846405736986e-01
-6.905927910942055714e-01 6.782087866374705287e-01
2.287109846598562868e-01 6.793863672522924002e-01
1.224048539341926478e-02 1.878187532037843832e-01
-7.371036260656216310e-01 6.991084596504648641e-01
8.487721612587686426e-01 1.177662967160048035e-01
1.665691764025660770e-01 9.647530507982022829e-01
-4.404958031786425643e-01 4.707685937471051130e-02
-6.907358318649809981e-01 8.455835337385991801e-01
8.905453762788604344e-01 1.374050778094294545e-01
1.591998489957746621e-02 4.034428987941327538e-01
4.659062512931244626e-03 4.976455031240597515e-01
2.594401568297919347e-01 2.770879838336696155e-01
-1.060096483901895592e-01 5.033078053355288795e-02
-2.951623962215086383e-01 6.898853066178979310e-01
3.499264203334018219e-03 5.056691565469997318e-01
-1.310997041272776720e-02 9.043595828442132500e-01
-3.649136081295578649e-03 2.939243429209544844e-01
2.951009292999973166e-01 6.918375603270868757e-01
-6.149764123142720251e-03 3.351195795078250050e-01
8.176231880238935545e-01 5.659558131588223739e-01
7.072347908382525805e-01 4.997389232464591879e-01
-5.171662029743830935e-01 5.400154726286748863e-01
5.203759521794113496e-01 6.743936601122557661e-01
-5.665276139327930505e-01 7.012679332028691759e-01
8.039319659362553772e-01 6.741525828438458268e-01
-1.667359051015004923e-03 7.887561565256038243e-01
3.342692693360183043e-02 2.046720707931400929e-01
2.813327623991779269e-02 4.793046268165721546e-01
-3.564734938381615148e-01 7.757004022003433086e-01
3.446176817678880955e-01 5.144933883036164612e-01
-4.999945202877169592e-01 2.492475510735865374e-01
6.666772597941950096e-02 7.606710349861370846e-01
-9.039474435503767058e-01 7.577236900193770053e-01
-8.048321730109548877e-01 8.673052450269345126e-01
-7.663389106384419502e-01 5.005430615821422347e-01
5.903844857350581954e-01 2.156822447993056446e-02
4.513486996291142805e-01 1.715436869046798041e-01
-6.252700285379897416e-02 8.964833476943818713e-01
3.519747790997396208e-03 8.124086039273934468e-01
1.194869998118950338e-01 2.657711740288600799e-01
4.589179520042407923e-02 4.445198462557050645e-01
9.836856269342808545e-01 3.776874129462572949e-01
1.892081282754605187e-01 6.758294181948353296e-01
-3.437231996036422821e-01 6.987707651270720355e-01
-2.655147377419897481e-03 5.763423086508921989e-01
1.401352573769685250e-01 9.051597787806455742e-01
-3.120782172533429488e-01 1.668224250634455785e-01
4.174542525174964602e-01 3.571196119425611437e-01
9.919992076344854581e-01 5.496272202534110418e-01
-3.158215133251756068e-01 3.845425682126414335e-01
8.624105306114469016e-01 3.565002624722981572e-01
-2.710345012233230655e-01 4.387703890518213079e-02
3.876408260749171220e-01 1.424057317408473633e-01
2.487978530398171628e-02 8.293738850174483535e-01
6.844050323271460012e-01 2.421056127302034788e-01
1.782938841971462018e-01 5.763933633183363492e-01
-2.566316451246275498e-02 4.110887565499143914e-01
2.945624136554534367e-01 1.459948104084773934e-02
9.079310981191486274e-01 3.825909837895171695e-01
5.036797423565473331e-01 3.240795502851778753e-02
-6.091551949242013375e-01 6.712938937262439287e-01
8.586057383776246610e-02 1.129635117729562710e-01
4.017783164854382694e-01 8.559036398684456426e-01
-7.274441184985658282e-04 5.604178470825884606e-01
3.706266232685684336e-02 1.337911231337239881e-01
-3.518548052969583395e-03 3.091026344377202362e-01
-2.491817151273112430e-03 4.933615367246634298e-01
1.489138083562258075e-02 5.380205945118337052e-01
-4.371967467435162735e-01 5.991278550556912164e-01
-7.259203788781056765e-01 1.472209966995196018e-01
5.387540639548116239e-02 4.101803035374671502e-01
4.533044321118624431e-01 2.288032730090567846e-01
4.446456943116361415e-01 1.622297374356247435e-01
2.776163721321831535e-01 3.274422426624622462e-01
-4.678737077417676193e-01 3.416823368369581448e-02
-7.687334501425386879e-01 4.542605469232942061e-01
2.360983796901194864e-03 5.239966037005167054e-01
-8.246037776362791227e-02 7.414766641849210860e-01
-1.472226620755370252e-01 6.173511038444753352e-01
2.969179063393394546e-01 4.341687763113106779e-01
6.624474666985824545e-01 5.427106445998752804e-03
3.434897137805961176e-01 6.924763916373519734e-01
9.582014650163768188e-01 2.123263654375155962e-01
4.514165145897455211e-01 6.929108904717158346e-01
2.454063221037456888e-01 1.997710638677091533e-01
8.695431333771042048e-03 9.017922623235496982e-01
-2.776764400271005684e-01 1.613873771567784221e-01
1.400787212513598945e-02 1.966785569951104984e-01
6.080436155739366022e-02 2.177377105313849093e-01
1.639759583163913348e-01 2.733504500353424183e-01
9.543620814095814531e-01 3.007992959414129697e-01
-4.284591675106863562e-03 2.216432351575641224e-01
4.544591348940796305e-01 1.196034165926739279e-01
-1.336898102777261954e-01 8.443344978774569576e-01
-1.739308548722129366e-02 5.334516003605114243e-01
2.361474604609097305e-01 3.038324230572120310e-02
1.795115249417134073e-02 3.732776268333253267e-01
2.743781018379249925e-01 4.187952704171912233e-01
-7.529640760073963435e-01 4.071664465871660532e-02
-1.408319180359440814e-02 7.269445706554062969e-01
7.752042568750661111e-01 1.686989298124880188e-01
6.829806878087880673e-01 2.899729748911971106e-01
-1.644242265417401594e-01 4.976346928070896070e-01
-3.766992157306545685e-01 3.190411195986706527e-01
9.731327597751355807e-01 3.034137382266071103e-01
9.066177966533066623e-01 8.821936065800910498e-01
8.259885955860186701e-01 4.703687754580136993e-01
-4.363467617752840866e-01 6.182322416238339446e-01
5.816039577691212159e-02 2.513127354184025997e-01
8.212170831817149352e-01 3.669735757330483406e-02
-7.219231028243333625e-02 8.714985090030173964e-01
-2.250158736932179604e-01 7.251736757234594766e-01
9.860270835237936460e-01 2.264294792951632163e-01
-2.891174118951012062e-03 6.552518578110863023e-01
-2.772216478846440957e-01 5.873693840275242550e-01
-5.041263097184311981e-02 4.711307322916615803e-01
-2.719401791637769961e-01 8.880981096089396454e-01
9.716327742873271944e-01 5.029637467909374715e-01
-8.247039367464599202e-01 9.812475288224224990e-01
-5.846481513478014591e-01 5.934641507543203520e-02
-3.851610204992721442e-01 1.484990008258634253e-01
-6.116665846609037338e-01 8.756784957582859352e-01
-2.271372062676046966e-02 2.885433240987570480e-01
4.060464701878707672e-03 3.336678841387179517e-01
-6.232403059918822930e-01 9.381319070179967579e-01
-2.336648836420063269e-01 1.068852206570924945e-01
1.456824511719245763e-03 2.641007176186480621e-01
-1.873275735388930663e-01 8.106628177585047945e-01
-3.673595816984542850e-01 1.298598504848840207e-01
5.607358832904063561e-02 9.046008556055663563e-01
3.651568576457340232e-01 7.325044830512608129e-01
1.232359705516632431e-01 8.059233088387284250e-01
1.945909045312854690e-01 6.146095979410211019e-01
1.814823551712074767e-01 1.019568938199469921e-01
-1.506880906819052512e-03 4.307485608323315951e-01
-8.487121502481476121e-01 2.695714536026194708e-01
5.454112918570437341e-01 7.632119351152929498e-01
-2.133142959351239654e-01 8.486358840204715204e-01
2.785710719641709687e-02 4.515775094710892112e-01
5.011539272224234676e-01 9.627245904345825833e-01
-3.805914106514762807e-03 2.457772023966956487e-01
2.896982037772104501e-01 8.881667034214860701e-01
-9.599232829726744853e-03 5.021570765337864950e-01
-2.034927903250347558e-01 3.983940871013622598e-01
8.466911785485431441e-01 5.545416257722148856e-01
-2.162844147560158969e-01 1.818864611281371113e-01
6.331852232957846383e-03 4.990293504459730745e-01
-3.755749850807945656e-01 3.405329754703741996e-01
1.397897813090047681e-01 7.554379847946781634e-01
-3.829529355708793936e-01 8.299455460693758724e-01
1.115553227972299055e-02 3.843543916507231595e-01
-2.111415500885400753e-01 9.854360005467950323e-01
-2.513719574789807787e-02 2.033874102455467403e-01
2.688385752326816203e-02 2.194746169766063071e-01
3.387983003073202770e-01 8.840917137826320715e-02
-3.500199227541278546e-02 3.764150557903992445e-01
-1.481138346339014866e-01 3.648725832744691422e-01
-1.031656279339587812e-02 9.463169619496583085e-01
-2.893604865092385126e-01 1.996739211578322237e-01
4.365934429696376462e-01 6.594339969737916807e-02
-1.990294361165001469e-02 8.401783142137133620e-01
-8.477994275839950689e-03 5.326761442988824369e-01
-1.850853016987654698e-01 4.255535303918600576e-02
1.001186077070703728e-01 7.906916567763609960e-01
-2.879978908019082962e-01 4.922678481744501289e-01
-3.107518240065729742e-01 2.099866255065517828e-01
-1.069610778694696229e-02 5.327458788536442169e-01
-6.292978414366245943e-02 1.082883639410781029e-01
-5.877239346414886434e-02 8.816067713216761970e-01
4.491061239818754380e-01 7.900850722860790487e-01
-1.532987644268679617e-03 9.852091503500265413e-01
-4.120220279252153617e-01 5.245856762832379339e-02
-7.986810662171723862e-01 5.131762294779435019e-01
6.960813684809687985e-01 6.856530041061703606e-01
-6.841485422396464955e-02 8.370704015464190961e-01
-1.111698453965084266e-01 5.848313632775972160e-01
-3.846046768384108194e-01 1.022232829584249769e-01
3.368801269740351323e-02 3.317085607518137635e-01
-2.886524023608063594e-01 2.994613707448907647e-01
-5.532961803214169194e-01 4.818028033580764591e-01
-3.314175132108210242e-02 5.864451167144859589e-01
5.906904077182417723e-03 1.906926685684430245e-01
-9.985888148130941389e-01 3.142056748172933345e-01
-6.264345249944791583e-02 1.333428422742138908e-01
-8.714018860213257334e-02 1.004919687295235953e-01
-8.773576812118846213e-01 8.208771070876725862e-01
-4.249108091388453801e-03 1.824201482089478077e-01
-2.473057439864445595e-01 2.765168078021366105e-01
1.037339198140996288e-02 3.223664210550196696e-01
-4.911221483629317763e-01 7.455121643975800572e-01
-7.569032508307516061e-02 5.558905322276784799e-01
2.763554003279100613e-03 9.767550784530162344e-01
8.894494319779289171e-03 3.969979946519517355e-01
-7.735386327991089495e-02 2.673977464565289175e-01
8.300696734627743822e-02 4.429320570508962218e-01
-7.671658600260673477e-01 5.548196420026139108e-01
9.829455903218369262e-01 2.118097051530261066e-01
-1.155962873944540448e-01 1.392584580658126070e-01
-3.997926467439127940e-02 2.830195938527623190e-01
7.029949374385626726e-01 2.142366581041137419e-01
3.546559370285251589e-03 2.849441874820500820e-01
3.792511362129376007e-01 3.674189943789323287e-01
-4.586194844352786681e-01 8.490060399729880691e-01
3.769444819365652677e-01 4.365398057339997528e-02
4.760092966478168819e-03 4.933852610132313243e-01
1.754083749981738549e-01 1.524208254187703337e-01
2.625262670072587845e-01 2.356421322248847261e-01
3.848501968294963937e-01 3.068087610315789471e-01
-4.469045108726121818e-02 4.927139999415299787e-01
-7.008308074294422596e-04 3.655598521157159553e-01
5.719061354198862190e-03 2.757570539028236789e-01
3.737139342795872121e-01 1.302729871880765611e-01
-8.605645401709738351e-02 1.831683161031976148e-01
1.172300033970310462e-01 4.384962265030922790e-01
-9.850569461281108996e-01 8.657597269097438986e-01
9.173508689602982713e-02 6.595295073014686427e-01
1.337782691448241579e-02 2.880380741429168223e-01
4.628506544006349976e-02 1.782586903027822967e-01
