-4.107442907590765913e-01 7.741409761656931066e-01
1.401007228310602315e-02 6.704787008896947453e-01
-2.525641512248653076e-01 4.934371854765648990e-01
-8.673220199354614302e-01 1.865208063331774690e-01
-1.266016760742454395e-01 7.389617003709585408e-01
-5.030026018372459884e-01 5.145593647639221668e-01
4.374002047181877462e-01 9.440563893360862657e-01
1.460012883877537249e-03 6.126905603656254140e-01
6.675259093840930635e-01 6.671139292266631271e-01
-4.835139619584671866e-01 9.863278984380791092e-01
7.235086979051834621e-01 2.950969425811762470e-01
-4.715541825049673896e-02 4.454535661593967966e-01
1.374061374040935757e-01 7.667083737226839668e-01
4.272653778664794455e-01 3.451081804241710183e-01
8.087849481186502043e-01 9.859774189195458227e-01
2.306914400768347306e-01 7.227442477210103133e-01
-8.477994275839950689e-03 5.326761442988824369e-01
4.605039108237296563e-01 3.369464378015251116e-01
3.330961111564332278e-01 8.058223846097756216e-02
-1.760937448050876597e-01 1.573016433115423940e-01
-8.501579639645580055e-01 2.746165436836747187e-01
4.347594773230190057e-02 5.445251924512704012e-01
-6.465568470782843136e-01 7.910426566774906298e-01
-6.548566565570210773e-01 7.453772205681113983e-01
-6.296910712442682634e-01 3.684852003827779887e-01
-5.541706198669189565e-01 2.183853520300795825e-01
-3.690521626687275347e-01 1.001732267593867798e-01
-3.792917251754632790e-01 1.276688522875528697e-01
-8.683282396427083327e-02 4.136162155609163227e-01
4.603408753981412804e-01 1.320337022029505203e-02
7.528375866792291760e-01 7.507022834082148766e-01
3.843896545503433515e-03 5.371920186791586671e-01
-9.616717649594368478e-01 4.803271210317683337e-01
1.097089078932800277e-01 5.201742814846362917e-01
9.910715667757568070e-01 1.955842864942846093e-01
4.512939540360694224e-03 9.243032178080867745e-03
-3.337069597891830774e-01 8.804494525502279956e-01
-3.566016059241876590e-01 5.881167928989102789e-01
8.053577395934909955e-01 3.065258897590609211e-01
-7.029115873060656217e-01 8.380222859602719510e-01
-8.514160088617355182e-01 1.073637896196132369e-01
1.612217727892550911e-03 4.729120479751979245e-01
3.406481827254144168e-01 7.323711326550922385e-01
-6.292597959972003885e-01 1.702777253132127244e-01
-8.079916987129258654e-01 9.942001955434766058e-01
9.102739214645532151e-01 8.403322932865719963e-03
4.253533411587109292e-01 1.933703077630203326e-01
-4.640913924782750222e-01 9.214923566424104706e-01
-1.837205692997379014e-01 2.741006095864161329e-01
4.779943727458610958e-01 8.697812560001283444e-02
-2.232658858732707863e-01 9.963720633879552535e-01
-4.481468854413694913e-03 6.220053014827802151e-01
-3.275143559920208336e-01 2.155987602764393163e-01
5.109672939499265709e-03 3.403770094413316460e-01
-9.139564272410551915e-01 7.180039491268952467e-02
1.889317020562075733e-02 3.239449499507791597e-01
-1.434749248888465001e-01 6.049922478182550023e-01
2.226950653431298832e-01 9.643110731129319602e-01
2.280425264769236904e-03 5.465619796115210871e-01
-8.863537475186151759e-01 3.782901143367174424e-01
-3.485752434041120562e-01 6.088966057497812168e-01
-8.249477182012683318e-01 7.621244915856023594e-01
-1.806383275667269306e-01 6.938127657769889156e-01
-6.747618241247399506e-01 3.836156710071780829e-01
-3.837870201635555922e-01 8.699238608733228517e-03
-1.777509430574080174e-01 5.431684513621906074e-01
-8.088965804232943757e-01 2.211202807820449312e-01
1.922964427124917997e-02 3.171101225682138036e-01
-5.749318576822037841e-01 9.821899906277533621e-01
-9.546868825436563011e-01 8.719456888566867736e-02
7.491318615207087639e-01 8.691796167051146771e-01
5.782792985225628790e-01 7.525467943881354316e-01
-5.548118992202173416e-01 8.508596485750058447e-01
-3.182106020175456962e-02 6.807891918956608945e-01
-7.280307840965172250e-01 6.054795677008881771e-01
5.346783072457395036e-04 3.598196748937542155e-01
4.194889781433410736e-01 9.870411753191463688e-01
3.226672480292247513e-02 4.009225362043338237e-01
1.067740648827530947e-02 7.938012502883309285e-01
-8.029281295104992999e-01 4.237725482127859822e-01
7.901997006719523320e-01 6.281946637328184035e-02
1.458279100021309116e-01 1.855322120774883787e-01
9.764841229621223917e-01 8.706482170243793339e-01
-8.892433224413018866e-01 6.845419969032432439e-01
-7.127954588423315307e-01 2.778559329201406580e-01
4.787575703752846579e-01 5.625904285804196325e-01
5.664876524805051439e-02 2.687309904281400819e-01
8.675066450648221128e-01 1.533776827237770535e-01
-7.998124521811058596e-01 5.367335341828805007e-02
-3.713993045272840909e-01 7.265434255914513528e-01
-8.728858956004488245e-01 2.396502243275484556e-01
-5.489079369204428183e-01 5.487170253232522832e-01
3.795135285719597462e-02 2.618910495671451510e-01
-5.191862468061023694e-01 4.398674161164550789e-02
2.805796889751110967e-02 1.995632023927955689e-01
-7.318302686193043360e-01 1.647904377277596977e-01
-9.579326553664908594e-01 8.136922078561544813e-01
-1.836948518291785515e-01 6.141689107843054662e-01
-4.678621376504210616e-03 7.620369161726945340e-01
6.430435471200812714e-03 7.758632288824794943e-01
-2.062053430460832892e-01 2.695824031640579044e-01
8.239883010189177348e-01 9.913258558750065452e-01
-6.752732276498640829e-03 6.239363944519694671e-01
-9.879381421064821200e-01 5.496126776581320428e-01
1.372054911541376043e-01 2.442718898231549529e-01
-2.822503781063190331e-03 5.476438010826084613e-01
2.137263800216611109e-01 7.901774670766339437e-01
1.906377754974311056e-01 4.841680824246049619e-01
-4.237026593602033486e-03 6.944723363323169751e-01
-4.590646136072784600e-02 8.690786726676886786e-01
2.261759250428956314e-01 2.237404331093187926e-01
-1.484297113480155250e-01 1.555119249372053369e-01
-5.062947075001060782e-01 2.324875651217216399e-01
4.714564679634491995e-03 4.343762102713030204e-01
1.882707653080408772e-01 3.060450347743883803e-01
1.572210962871838369e-01 5.799692043074284875e-01
2.382126079275348474e-03 5.330652324598346148e-01
-1.353437188624206922e-01 7.464799277474379879e-01
7.293934345185986157e-01 9.819849031891969560e-02
2.435502195054770613e-01 2.795287394676059245e-01
8.275938561552980133e-01 2.101700130414321244e-01
-7.795795748510252476e-01 5.662060710864736945e-01
-6.352818155753983120e-01 8.363682743539162523e-01
-1.993390303896549476e-01 1.727656225782665533e-01
-8.697605058584640947e-01 8.314449309142885047e-01
8.009597180779295389e-01 2.269496480815874628e-01
-8.663123277180673210e-01 6.344802749910550821e-01
5.902521839565255668e-01 5.770303827917101502e-01
-1.611165177718723029e-01 8.170669294015632245e-01
-6.352410484787407441e-03 9.566410658081163643e-01
-6.523530352065942672e-01 4.047770757984803236e-01
-8.678189618184271037e-01 9.636685577611346920e-01
9.020097756074343387e-01 4.853142348570721465e-01
6.057474874987534008e-05 6.120954155383304673e-01
2.224314000850302619e-02 7.634347678390061009e-01
3.987448909017270449e-01 1.287102258794380338e-01
-6.240124283818371254e-03 1.176727640593794311e-01
3.988902730506622696e-01 7.076120659635706245e-01
2.152746036660246887e-02 4.262067907118585186e-01
-2.043864624678981556e-05 4.879076977375145230e-01
-2.010029298561624156e-01 9.409660811205694531e-01
9.852586786311541278e-01 2.998560946719928122e-01
8.080042846703903159e-01 6.225262762863948973e-01
6.656340106522369293e-01 4.346326031725873396e-01
-6.158538789757743714e-01 9.408176539465541444e-01
-2.855250385419696446e-01 7.476752117350188298e-01
6.733503816996031510e-01 1.624333419095412845e-01
9.251901612284547660e-01 3.196021538480612323e-01
-3.100816386760989474e-01 7.323213890480901878e-01
-8.376721316428195063e-01 1.426452870611065737e-01
-1.896913444234082924e-02 9.344865743124267654e-01
-9.268777500820351012e-01 4.371510829257262420e-01
-8.168381604178120980e-01 2.921947210545924323e-01
3.690284681951050416e-01 3.778873652683928386e-01
2.237454045392195390e-02 1.473078007170622872e-01
9.295482621756261388e-01 8.254863859454253383e-02
3.215757976776423277e-03 9.741982304191714181e-01
-3.597380745169753702e-02 3.757462734027876561e-01
-6.241348984510008968e-01 3.795509235213399002e-01
-2.045067688421784435e-01 6.419170314089230889e-01
1.759353969629042780e-01 5.152229684691906897e-01
-6.369640711841082492e-01 1.206263742167976716e-01
-1.048585163395157061e-01 9.245424883324701026e-01
1.274085644757061431e-03 3.480309016450391368e-01
-1.055521839021698050e-01 6.348336079537847398e-01
7.078020704442922195e-01 7.670766843702291338e-01
-5.421511890602226380e-02 7.341256526891857259e-01
-1.043535106853132888e-02 7.127107963823796632e-01
-6.734442958891531106e-01 6.668676216881882501e-01
2.525555903359655296e-02 3.969781301625323611e-01
9.482070018208208495e-01 1.650461991862252065e-01
2.008810749799083695e-03 1.799065483259433273e-01
-7.476644224444621845e-01 5.591574008174727828e-01
-4.582883045231000985e-02 6.583463147544821314e-02
-8.811919652071509290e-03 6.077285503064195904e-01
-7.603210583856025995e-01 1.502324443327648362e-01
-6.654912608629672821e-01 3.029061705530925463e-01
9.849234239018853643e-01 6.193976926816332496e-01
-3.583251477891937764e-01 9.748798462611458771e-01
-1.806293661383191473e-01 3.841406636715192224e-01
9.634001944447141419e-01 4.181565682619567959e-01
1.568033181695849265e-03 5.858006459652660425e-01
3.211407198694529175e-01 4.204369430724185230e-01
-3.364964785828752358e-01 6.119789716550126935e-01
2.519110052435336033e-01 5.169538176512480376e-01
-6.998497869106976577e-01 2.543077507933011461e-02
2.982653676499802398e-01 5.726251742317448601e-01
7.493597418308324265e-01 6.127950708806934044e-01
7.937572007075419656e-01 8.815357035256674578e-01
9.904338597801798372e-02 2.068812106034939591e-01
8.722408929340303985e-01 5.557353742292054921e-01
-1.004527308386113926e-01 1.508279275036084055e-01
-3.457057666747642699e-03 8.131329020718773837e-01
5.071936537150856239e-02 3.022317868642810934e-01
3.745863225469503455e-02 2.775441728357912474e-01
-9.938060354324262935e-01 4.695294087246023595e-01
3.595042217617046010e-01 8.477699052870415475e-01
7.157913491501852743e-01 9.775167669964350825e-01
-9.365572457542603590e-01 7.978481116043569799e-01
6.046573942665132151e-01 8.033245879193130490e-01
4.093000444992278553e-02 8.814420828315778778e-01
-2.035965808746706962e-01 1.480069119757467799e-01
9.386113336548653763e-01 5.885855892275426715e-01
4.194561837341370669e-02 7.321391088813343773e-01
9.923025926136264108e-01 3.095019562109022626e-01
3.888074549915225830e-01 7.545471996494711453e-01
5.694445067179072506e-01 4.347794908762063759e-01
-8.603248089855730640e-02 2.343826654002044707e-01
3.016942055505293929e-01 5.604618976832289601e-01
7.286596440837158628e-01 7.877504856405102007e-01
-2.052313564334662388e-03 4.913466310857960151e-01
-1.159788291355523526e-02 5.810197454163682496e-01
-2.237328574977879292e-01 5.824358299464971189e-01
6.928596186169846405e-01 8.408388278063891885e-01
1.313157351697546993e-02 2.932502427299298331e-01
8.294990735968466034e-02 7.681112876729547789e-01
7.288897894498376218e-01 6.001453650517617477e-01
-5.298688679988527994e-01 5.695391549599173597e-01
-6.433084377568185630e-01 7.682118121773199304e-01
8.136014534145650234e-01 6.006202417326166332e-01
3.413703249350197311e-03 7.299251247788770547e-01
-1.695950854398997620e-03 4.942977176013978458e-01
-8.819797912120186378e-01 5.851667651702153750e-01
-6.584585821748911716e-01 5.290745432213367350e-01
-6.822992137032632964e-01 2.302442779269646689e-01
1.619982706152016672e-01 8.457992330894348321e-02
6.146217411587626689e-01 7.801410768525468553e-01
9.331773915246486251e-01 3.955211775139984010e-01
-2.377347785080110576e-01 7.273846503074025138e-01
4.441195914746935980e-01 3.110968312397889290e-01
-2.261811297328522041e-01 6.801925562444320894e-01
2.416138792802779989e-03 9.988690671325706205e-01
-9.938112331309796321e-01 3.344555380883988960e-01
-2.812924675756585113e-01 6.214502940091481964e-02
4.955192245193129619e-01 2.059189298339568763e-01
5.861327627075620939e-01 2.125551247628348905e-01
7.529126806834929297e-03 9.255240813867091632e-01
8.713179090690186257e-01 6.530350247473435399e-01
5.101781807172958150e-01 8.133157820269362182e-01
2.190641725516744298e-01 3.500645823483619079e-01
-8.370055676326637606e-01 8.690695960382989194e-01
-3.306305122336317126e-03 6.925870758666814453e-01
-2.330410002459482044e-03 3.837997354477871159e-01
-4.315216840825575328e-01 1.182993825726280646e-01
-1.779177370688871385e-01 1.776178762182882842e-01
-2.107333092772667449e-01 8.115854456827341634e-01
-2.112264343828298419e-01 4.422048475266782130e-01
8.771662880112647276e-01 1.562001763698805945e-02
5.309839618109601922e-01 8.609099353624470874e-01
9.558831542029508910e-01 8.144071754072639280e-01
9.568367245199664861e-01 1.613800746197642244e-01
-7.153684051638427022e-01 6.357096187020691014e-01
6.488669989125257498e-01 2.737229402816342416e-01
-3.965018339256065616e-02 6.722190627633422011e-01
-4.424009906337622589e-02 1.330784754096079325e-01
5.719061354198862190e-03 2.757570539028236789e-01
-8.631798009121633974e-01 7.636952845124611589e-02
8.194512084959988396e-01 3.239615831335755924e-01
5.968988257636669292e-01 3.407367954373256014e-01
-6.744680009611343507e-01 8.152851430692031887e-02
4.642628830106980686e-01 1.676032570274245126e-01
-5.451323654981921063e-01 5.900082249495673947e-01
-1.917178795429741456e-04 4.571013822595663134e-01
-7.772379465345002902e-01 4.797271394406109613e-01
-5.814076687064551052e-02 3.535572763146965780e-02
-7.335298392092977071e-01 1.590402834139920119e-01
-8.428693750299816045e-01 9.075699259718756906e-01
5.078816906230303463e-01 4.534289254828847149e-01
3.561321927663090303e-01 7.913255294182391930e-01
1.072202676997799919e-01 1.567805700176116979e-02
4.464461759647631034e-02 1.266973579559010910e-01
6.373716199252745795e-01 7.200102387953510874e-01
-4.871934016919032828e-01 7.329881055908351595e-01
5.036900185803423469e-01 6.545000998756833610e-02
-9.711552282635846911e-01 3.530135792072927048e-01
1.034310929700723580e-01 1.349856869308563301e-01
-5.935898361034133153e-01 3.751801148658561180e-01
-5.950033138281218825e-02 2.488931479139856462e-01
-6.694231291638412795e-01 8.328959134486846327e-02
-1.066667656437694234e-01 2.508836238433664878e-01
-2.652622942870053180e-03 4.893007382274412453e-01
-8.539258806462068918e-01 4.371143277045896891e-02
8.626679529172642802e-02 4.708641271797175953e-02
1.161475839953998168e-01 5.917310251879753791e-01
4.175166775988596868e-01 6.184097099646654883e-01
-9.818280120230462593e-01 3.643506888346188521e-01
3.986544053062062165e-01 7.948573927725683941e-01
9.324928092760536025e-01 3.432744396275496657e-01
4.013354887358635548e-01 5.798168900480072940e-01
3.468872470616883863e-01 6.216114020624438075e-01
6.218327742656182267e-01 7.638505687381306197e-01
-6.248691190016200103e-01 6.194356121877073740e-01
-9.143540264323481992e-01 1.262876700927328955e-02
9.830958620873841980e-02 4.178308849536260805e-02
7.155172018105144804e-01 4.719346062687249654e-01
-7.158951439988259224e-02 3.859311816603605561e-01
9.467053140140591072e-01 1.139441470890802943e-01
-6.592745591507176428e-01 7.211014636598644945e-01
9.666572163331295098e-01 3.626083412254843541e-02
5.520350335447954393e-03 3.011806540260586473e-01
8.580368399212903174e-01 8.878525531710745877e-02
2.935193553240900144e-03 5.282276105526063636e-01
-4.033697838159990834e-01 1.716113359920874437e-01
8.106771653172417658e-03 3.003226960305179771e-01
-7.502935355586992650e-01 8.241580180179067794e-01
-3.969352992683812253e-01 3.414797576113509647e-01
-7.445281335934763600e-01 5.552718219327190674e-02
6.800755576880757047e-03 8.107545954897166229e-01
-1.678509657854432291e-03 7.482427793129073912e-01
-3.669133485409541429e-01 6.509557094815306977e-01
-2.208037216080331877e-01 8.930549436593619994e-01
-7.794681489090946602e-01 6.659786797317356344e-01
9.585454094158141203e-02 8.228499019316668495e-01
1.234063682593866673e-02 5.066146448039965389e-01
3.746533456516243366e-01 5.658636958448323151e-01
2.995947354672539031e-01 4.462740095252674122e-01
3.370951558153483241e-01 6.795262764756356821e-01
4.414138959031805864e-01 1.169354478926011298e-01
9.341551668570220457e-01 4.929464596583815750e-01
-6.635075048348881843e-01 1.339853198291487413e-01
8.094418469121422710e-01 4.109884236621745845e-01
2.337771932918508710e-03 4.140571853243113498e-01
-6.367279856797429805e-01 9.420328382871298034e-01
-2.398755591113097552e-01 8.692625338831191373e-01
-1.667359051015004923e-03 7.887561565256038243e-01
6.835030730655247133e-01 2.095274533638866732e-01
-7.930355370329109643e-01 6.232358789264254018e-01
-7.776702202765850558e-01 2.657343290921679868e-01
-5.782984276233360532e-03 4.466695874605326466e-01
-9.119574579510487666e-01 8.740807713718224958e-01
-4.572652195826087951e-01 9.914560022138786399e-01
6.779085654115173387e-01 2.746685331063596358e-01
-5.508797673578693654e-01 1.060453615496192992e-01
4.088474621286446453e-01 9.842481363543791328e-01
-8.595543204252598102e-03 3.940539775203718564e-01
-2.046126986197056574e-01 3.157531220655995785e-01
8.427619131230854599e-01 1.324870443623622496e-01
-3.948465317548797149e-01 9.411112821122037397e-01
7.087471142867896035e-03 5.263063876537225072e-01
-1.699001717083676866e-01 8.636658057991831727e-01
6.589474113159430324e-01 9.199663062357071874e-01
-1.723767566162326403e-03 9.003446732090744087e-01
-7.870271838722944224e-01 5.182019625399105767e-01
-9.676061991503726034e-04 5.033430098490188076e-01
3.095274665556371207e-01 5.436358103295190203e-01
9.265108325936683986e-01 1.713218735539543403e-01
6.817425613891414660e-01 3.826318036009846990e-01
5.425089700084613220e-01 5.900619593782396866e-02
9.579168488908902379e-01 1.980243967311056119e-01
4.900944848858204139e-01 7.986098745128455967e-02
-5.292001493917062316e-01 9.414504343240130968e-01
6.779924179910905568e-01 2.180393440933825477e-02
7.426437391280484857e-01 6.898733273642624342e-01
-5.763287519029558492e-01 7.475887504348792678e-01
6.863798045310527396e-01 7.575834702372317153e-01
1.484580130006429854e-02 1.450631787079730284e-01
-1.235212129341833887e-02 9.021581908627585022e-01
6.674089819874702290e-01 2.904628480141738800e-01
-2.244025454426823440e-01 5.823330516906076726e-01
9.071450270865177856e-01 5.169202925666229742e-01
5.615330952298180911e-02 2.078022192832673642e-01
-2.714879882750653728e-01 1.924001782770552449e-01
-5.782970620301610687e-01 2.960371404008784735e-01
8.897464875677782992e-01 2.086038038989366239e-01
-8.886037068696122088e-01 5.767888901090608700e-01
-5.480945166629114240e-03 4.988363694189529296e-01
-2.906987261116653620e-01 6.130425076732392009e-01
-5.606095699757229767e-04 9.330018221068708817e-01
3.414829501108702647e-01 6.088275866717918205e-02
6.963878832106158434e-01 1.860500845176277229e-01
-2.938314483511561548e-03 3.485712788562873587e-01
-7.301294095965407127e-01 2.906035573618920287e-01
-8.310454748097952926e-01 4.567939941758178968e-01
-3.603758952617375222e-02 2.230470534413880879e-01
6.947240414293029964e-01 5.867456131338103509e-01
-6.957275957778041864e-02 5.186552717939598711e-01
7.935633955688858876e-01 9.496025406818719983e-01
-3.083681717595703198e-01 9.808193186375031569e-01
6.952883954715693982e-02 2.704299488202908108e-01
-8.543734420233841664e-01 8.380170769222508032e-01
-9.472141837909096029e-01 9.113370694448306164e-01
-8.744774766194887139e-01 2.708384002124348822e-01
1.384451099688499554e-02 2.689834866579806638e-01
5.633742483508674681e-03 4.610018876998853710e-01
3.342692693360183043e-02 2.046720707931400929e-01
3.296818759464859028e-03 6.019950683952587367e-01
-2.215164609486266478e-01 8.251260307875226685e-01
4.925672259530584629e-01 6.997786367457159429e-01
-6.306545843270949803e-04 5.689770514152115988e-01
-2.295947872697379211e-03 6.012106911025826284e-01
1.670853250348294239e-01 4.712986618306390652e-01
5.715231827553202137e-01 2.463132476474728660e-01
2.295926844544382561e-03 8.396367259805599392e-01
-9.122606444043384055e-01 3.116792911227693752e-01
-1.035092866429083713e-01 4.026092382162316241e-01
9.524190125096199111e-02 1.838021914939336199e-02
-1.118675300835114683e-02 4.185836926780880374e-01
-1.776100118197976307e-02 6.386350830430843617e-01
1.002596180798729364e-01 5.210864723317515379e-01
1.577235260428766495e-01 4.256390144682790089e-01
6.194951163656854387e-01 6.606022000854305798e-02
-4.727919551874264492e-01 5.736853113437347940e-01
-6.295921735888887483e-03 7.111282794201118085e-01
4.457515726181693339e-01 2.543666315541397438e-01
-3.735874953889508632e-01 9.738083123548000319e-01
2.399000654104856967e-01 2.403453608971928279e-02
-4.203068158271561217e-02 5.619377012003101690e-03
1.587984591292177505e-01 5.388921971974987013e-01
-3.172218790654783849e-01 6.361508398332552661e-01
-3.251978801711314926e-01 2.158080817500543924e-01
-4.002796603587821522e-03 9.744394582774681401e-01
7.455226228480922313e-01 7.775284622616807084e-02
-6.357353412911881385e-02 1.801966819665554720e-01
4.442993226285734121e-01 3.035533534945111800e-02
-9.313075312242731219e-01 6.837501193735153748e-01
1.529191140099608326e-01 6.602104764716331120e-01
-7.508041015561595088e-01 5.585174709665138293e-01
-7.397305813550594245e-01 6.162989601297266251e-01
-6.013478896998458723e-01 3.614887748012736157e-01
-9.580848794700418392e-01 7.544106368970380228e-01
9.651602034889845694e-01 6.353949389398150238e-02
-7.924005089685550729e-01 7.122286287351268230e-01
8.890954283472307651e-03 3.506069590242562040e-01
-3.416992739984621164e-01 3.512807969475070236e-01
7.256494307574579139e-03 4.220917689784710047e-01
-4.173215010770636724e-01 8.082662919324634654e-02
-8.993814804718747169e-01 6.590581457088243722e-01
4.781198310777285965e-01 1.721879386486065977e-01
2.524722866014712519e-01 1.596075929626680212e-01
2.655903844640512546e-01 1.069559163249226286e-01
-3.712403884174708679e-03 6.962547246002562806e-01
-1.026750782388008432e-03 8.090861663386981206e-01
-2.629713134953848286e-01 4.622151318807956599e-01
5.374098925845114394e-01 6.104016398533527177e-01
-5.641625833515500066e-01 6.878908991140304519e-01
4.695663273006984717e-01 4.610861354527899802e-01
8.281069056224448222e-01 3.250304242019108614e-03
3.167365439295040108e-01 3.303019076842919066e-01
-3.981660677833205320e-01 2.835698979520415719e-01
-9.750439553610990018e-03 9.774485371140149148e-01
6.290074042537747712e-01 7.385417349125452668e-01
-3.046849095757078185e-01 7.026976282954972008e-01
-4.288463128173145567e-01 5.115195251448353408e-01
5.974983425268092230e-01 3.880918138308795395e-01
-7.254669155116078016e-03 6.819007367473026715e-01
1.050519413356945098e-01 6.548831597642379432e-01
4.093832553970657706e-01 9.949290811553478386e-01
-9.245137911539962339e-01 4.220247680692789105e-01
-8.503194200144292836e-02 1.067591093955707615e-01
-9.596006423932610385e-01 2.796846257153844384e-01
7.196189012827300946e-01 3.330200178460537286e-01
-2.579114518185532390e-01 1.390181943105328610e-01
2.260604029739123888e-01 6.882068508075434021e-01
-8.075738207839491256e-01 7.821707961216365357e-01
9.315448360742657474e-01 6.706824229329808595e-01
7.178556901991428596e-02 1.367751605138491922e-01
-9.010249844108697559e-03 9.622668408928601869e-01
-8.038179950898813875e-01 2.352629047101101323e-01
-5.363664158372194457e-01 6.288034062402141355e-01
-2.528365250565776101e-01 8.342749307353806154e-01
-8.706098780409727844e-01 4.154933441950126038e-02
5.374494771566415974e-01 9.590680473141255380e-01
-5.927911586112397657e-01 1.419351998983909846e-01
1.332121877122995901e-01 3.269877078843688167e-01
-6.539304853973892939e-02 9.645453022957376499e-01
-4.443274135831714045e-01 3.395136989543654504e-01
-2.757373625895649383e-01 8.227819037749456443e-01
-8.029486797477378701e-01 2.704654219773806600e-01
6.694857425884721547e-01 5.529743860147059431e-01
8.506943161150861688e-01 7.877818598829345875e-01
6.162237657531042245e-01 5.820077861353665227e-01
-7.882416641958600589e-01 4.341061245789218370e-01
-5.283629048166837983e-02 2.403761346059843929e-01
-5.337561297413704331e-01 3.281077766618991642e-01
6.449266546823084756e-01 4.805442326872545467e-01
8.539170280853269901e-01 5.821308164861295209e-01
-5.978496822543870604e-01 4.022230791502514613e-01
8.166260281985149305e-01 6.230760378893561713e-01
-1.097215559421771403e-02 3.609602576868741197e-01
5.849273296394486010e-01 9.064969261149401492e-01
-6.333396903499890485e-01 1.485815303784907560e-01
-5.171576423937598310e-01 7.485647890432605145e-01
6.905774607862109615e-01 3.921640846329439434e-01
-9.998715754378804110e-01 4.065495016063354061e-01
-3.092094989364866375e-01 8.835243708145802399e-01
4.209449349444065458e-01 8.809969464474869394e-01
6.331559991398902909e-01 7.444356468777426628e-01
-4.770085287213232661e-03 5.984990902956588421e-01
2.100828283043476574e-03 8.517221085787917145e-01
-2.027167720382443417e-01 1.574547627663426264e-01
9.682580355701302377e-01 4.463672031269394491e-01
2.313554659923064971e-01 7.359767633078454496e-01
8.362134411728181504e-01 8.569787518714456764e-01
5.507389632811336977e-01 4.981327327749465184e-01
-9.266734104656104698e-02 1.221914422714007742e-01
-9.073227262303782403e-01 5.232924442168204182e-01
-8.194857883000057353e-01 2.802930460542183422e-01
-6.584344873736365233e-01 5.945343957442420502e-01
3.226647368294479623e-01 2.870106277173298803e-01
-3.608856767696950740e-01 2.547050959319819841e-01
-5.166533153620633811e-02 1.797858527275100204e-01
3.402772256685808738e-01 2.135835570255895099e-01
-8.032604071682714064e-03 9.524323493321953382e-01
1.398461986177104155e-01 7.252394656617966451e-02
4.121923578598551963e-02 2.681536498297646398e-01
7.682811335329455815e-01 3.803224343304312249e-02
-4.958975463170063325e-01 2.269116021884215462e-01
-6.233890321902579856e-03 7.195495118880717023e-01
-8.066304631114054047e-01 6.435283404579349442e-01
5.557492480104446742e-01 8.609654536676674130e-01
9.593422349800255766e-01 1.427164272430898606e-01
-2.228208352674232451e-02 6.404244741990481327e-01
5.632428417009323063e-01 1.672590736662593613e-01
4.311750198003381218e-01 2.274995099348534611e-01
7.886894895910101511e-03 3.953394496723873219e-01
3.444316508382674336e-01 3.165929017810402701e-01
-8.422526354959938288e-01 5.106089020492337038e-01
1.542348203645729221e-01 7.532864903651607102e-01
-5.974593451877705519e-01 3.854652131741524990e-01
6.787806007090428917e-01 9.988388996873259762e-01
-4.058872282654963914e-01 3.838734704054278524e-01
3.492655104228277185e-01 8.125315212517650876e-01
7.148253403508848525e-01 7.694756831220452842e-01
2.885830832726725692e-01 3.770664035620110432e-01
1.855768356522031759e-01 6.662346410860878754e-01
4.496760208281682658e-01 5.271267601116091939e-02
-3.238974943513106552e-03 6.772587482241626544e-01
-6.498079210245035764e-01 3.237837996268077001e-01
5.295629718049372769e-01 1.241922159348149979e-01
-9.948673695818459617e-01 4.529740750432234009e-01
-2.728150530282673625e-01 6.562857900122620602e-01
-4.082643155397021051e-01 8.320766308918617904e-01
9.861322991213719025e-01 9.592220940830761267e-01
-3.543858815610230195e-01 1.354037719923025795e-01
-8.209731397879060921e-05 6.393740225408282019e-01
-5.676719372970540078e-03 6.505075153772169605e-01
-4.518569256642321896e-01 5.432598010820429701e-01
-5.869356552810434113e-01 2.317169548812245683e-01
8.792766884808678185e-04 6.472020978260240032e-01
2.577659186058727236e-01 8.537042935955283518e-01
-5.354874922078898258e-01 5.888984628740862037e-01
-4.363442318373798035e-01 2.980870975989597937e-01
-3.941604970308265621e-03 9.917687484633471717e-01
6.128178983969112537e-03 1.082170980485845924e-01
-1.541490035525736602e-01 5.768068570859917754e-01
-7.508098826437932249e-01 6.120289728615625480e-01
7.789178261348592702e-01 3.374154289239257309e-01
-8.518620678615853592e-01 8.077072841477207499e-01
-1.644378713683058990e-03 2.212137915280044664e-01
-2.130379303550302694e-01 6.773495673991577481e-01
4.930193329109655576e-01 8.119756383736173033e-01
6.552536540643139062e-03 9.549225960785769907e-01
-7.942862995230570711e-01 5.394132682414467528e-01
-9.691654591207159442e-01 2.045188658484621280e-01
-2.093036743503451369e-01 9.957947662195495431e-01
8.342931740742471902e-01 7.017696520718488262e-01
1.650531988369299263e-01 3.170733132375469498e-02
1.648926850180698622e-03 4.203650658014892461e-01
4.537167561208499400e-02 9.912820777266841965e-01
-3.213693998953948139e-02 3.561400645738089787e-01
-7.537664694551771127e-02 9.162095030741959079e-01
1.836249218336032385e-01 3.234726656732883621e-01
4.961447336539919206e-01 2.036769277477120665e-01
-7.481273688327350069e-01 2.815067743517419840e-01
-4.746129637423410763e-01 2.147219091261417523e-01
5.111861455079802496e-03 8.932188921694733663e-01
6.591837796465063182e-01 9.435389171984577272e-01
-7.835478347271962463e-02 6.249556624083678624e-01
9.850818182901404096e-01 4.957678788077345411e-01
7.258404118305936681e-01 4.773934916025324160e-01
5.399761942125909098e-01 9.880575168565082222e-01
8.893218055852756265e-01 8.822543794145660812e-01
6.190343892543739290e-01 8.596874182617406657e-01
-6.838787502042362743e-01 9.181554414435133538e-03
2.065658959232052894e-03 7.446806372917785799e-01
4.700849188802698198e-01 4.688666224183934972e-01
-6.688226603962204031e-01 6.270952880979685506e-01
-9.348069664398428458e-02 2.573721091733155442e-01
-9.689012139924697564e-01 6.117511911468959118e-01
6.654265509264567502e-01 1.488400712846410512e-01
4.926901587587391163e-01 5.560545687466592613e-01
-9.739556331610221829e-01 6.981633770090732716e-01
5.501123990797009977e-01 4.041379369251462128e-01
-3.389130581851560464e-01 6.200997601750202204e-02
1.028532397492898376e-01 2.580550939719123971e-01
-1.060574745882392200e-02 7.043291949958107034e-01
-2.062342043525955404e-01 5.739490789368432155e-01
-1.435574160043444625e-01 2.664631428469288466e-02
4.638731212853737240e-01 2.927422939788726364e-01
-3.403570042292818343e-01 7.540183846202328510e-01
7.697143168419517956e-02 1.128618926034985481e-01
-9.605394817739059121e-01 1.945958923040015387e-01
-1.201535456134192881e-01 2.130349686828791889e-02
6.425707674315099815e-01 8.391009033027231334e-01
-7.696375995360931199e-01 3.776617622878148950e-01
-6.128270221268772300e-01 9.523765517538637093e-01
-8.839922430815132515e-01 8.121798081733977437e-01
3.447869202481523843e-03 4.103945179647436881e-01
8.387622231430740261e-01 5.252640316135638310e-01
-5.303609071132027175e-01 1.940255991863121254e-01
-2.240464416666816394e-01 1.859821014957507845e-02
-1.373024894642367322e-01 9.169525342450347560e-01
-4.335557559445040177e-01 6.827309938371732834e-01
-7.235266510519122729e-01 6.834609513859949415e-01
4.155359573465173817e-01 5.164596007532875621e-01
6.111621342887465502e-01 2.531281460355083723e-01
-6.755922117691874895e-01 6.132232133382443662e-01
-8.619739299554778356e-01 5.570143353918192153e-01
-2.648149824550314335e-01 8.037855963407848359e-01
2.705840093454980888e-03 9.205726211785886237e-01
-6.890971320092724728e-01 4.228096831092656993e-01
4.793534267485421996e-01 5.393356132448490214e-02
-6.527081057713046697e-01 9.303750727608973703e-01
-4.827634246441534493e-01 6.273512476611677879e-01
7.137973426037103053e-02 2.204247663440561666e-02
7.951135614379545302e-03 8.910851095614538142e-01
4.013921464806031736e-01 1.867223614744701887e-01
-7.397352182155805256e-01 3.022322967229890134e-01
7.437967810155858839e-01 5.262591495078399184e-01
-3.436731188971720030e-02 8.807520269729240958e-02
2.080474298517511755e-01 8.682818040347242139e-01
6.234183772099821663e-01 1.778359075092391661e-01
-4.343056892927468216e-01 7.275054386360435554e-01
-5.765109743503922246e-01 3.614124493610936240e-01
6.880197502168934331e-01 1.790699778324824631e-01
-5.235290798166469806e-02 1.523431039465289460e-01
9.366016848555547281e-01 3.911996308907846887e-01
-9.049923932938264137e-02 5.031798072472127847e-01
6.518679217303122719e-01 3.253141981613325573e-01
6.735265824750877872e-01 9.213804239594900469e-01
1.653601586346571395e-01 9.051271087722304598e-01
-9.730756671417963855e-01 8.239397419661630417e-01
8.145567808713050084e-02 8.990435157591813997e-01
1.029662959092119134e-01 2.724452767255891583e-01
-9.470940688620914649e-01 5.146261132326744869e-01
-1.506248668741849706e-02 8.276169802030787226e-01
5.377909721431910484e-01 8.793832994579889872e-01
-1.177360141468630772e-03 4.781079901458930026e-01
1.542926150127543750e-01 2.539542017043064925e-01
-8.473327787387145982e-01 6.159987661434749295e-01
-3.690255166643585660e-02 2.420072580921779348e-01
-4.657979691804643441e-01 7.434853650424063654e-01
4.148826198284587541e-01 4.165663914686673630e-01
-5.797043701586845899e-03 6.726315871079083797e-01
-8.438867180061733198e-01 9.972684615899513050e-01
6.345440769497951994e-01 5.242895915650397365e-01
-2.515584434842521588e-02 2.422167534592811755e-02
-6.827327121496344908e-01 8.175612328524165529e-01
-7.277755066174673715e-03 6.086358941064731187e-01
-2.414106299160905245e-01 3.534053057539637832e-01
1.186775737271106301e-02 4.327256871420439577e-01
-2.695013323890576018e-01 2.210244008300560337e-01
1.010837902593908488e-01 9.447397797726350133e-01
7.565146392002717324e-01 8.750860395188673202e-01
2.776194538341660856e-01 6.991721390848385509e-01
1.595004344210224634e-01 2.124602867899794134e-02
-4.984078316532691844e-03 1.603110488265213629e-01
-1.337092472662915199e-02 9.761399651409023992e-01
-4.473965254602545460e-01 6.951322675724098676e-01
-5.506660298935983633e-03 8.364514592817603456e-01
-8.783977151061868049e-01 7.034869334345883463e-02
8.128771358607425057e-01 5.087868361899490210e-01
-8.850969432922120017e-01 2.354920522249938086e-01
-4.947438542366708880e-01 5.667163169966863423e-01
-1.257437262381366772e-02 2.977014661765703396e-01
-1.801072637735292581e-01 5.738686027818439284e-01
-4.006014339757513198e-02 8.878389306243558154e-01
2.118041316341026103e-01 1.210099032149839493e-01
8.706284126568573090e-01 4.987682471533263495e-01
9.923067820627287094e-01 9.387343481234363685e-01
-8.906060171908944945e-01 4.958027366590663787e-01
-6.194834872742891463e-01 2.466132481191629644e-01
7.953216161022957920e-04 9.915975947260695644e-01
-2.883133911973807528e-01 4.620149819876995245e-02
-9.970687521243555285e-01 1.944517811002521857e-01
-4.869694611797055206e-01 7.048750089341589975e-01
-4.105600616467941499e-02 1.618041717525562362e-01
-8.386105594215760295e-01 9.274809828579331228e-01
3.332937496782273357e-01 8.284401055284871251e-01
-6.144019261322881675e-01 8.481116399044230647e-01
5.585938549375080164e-01 9.411694852695005054e-01
5.494418170817194635e-03 9.769667218182371826e-01
1.870856477963700470e-03 4.320686440042257326e-01
-6.156331426167971355e-01 5.163038546002857165e-01
-2.133260418251192725e-02 6.991775887320728078e-02
-3.182131222527817549e-02 2.288910661033856098e-01
-5.285260001328855317e-01 6.967904935101038033e-01
-1.281652613577326516e-01 2.526042424948177212e-01
6.452660682928896829e-01 7.460444566557350443e-01
-2.239213980596899134e-03 6.218047395569853419e-01
1.310404835982053040e-01 3.021256372296946546e-01
9.099563329679316581e-03 8.778601046194256519e-01
-3.740682054218957830e-01 6.721299131208328115e-01
3.567072891454969863e-04 3.628431494748378672e-01
3.332175170622431182e-01 6.048513620274265090e-01
-5.795159060878685153e-03 8.586002302691300159e-01
-9.435375344379512974e-01 5.882219138682149850e-01
-1.891123934252065819e-01 7.505677910363155458e-01
-8.402857519892474869e-01 5.205201511024681871e-01
9.245424734397373889e-01 7.047296076563523970e-01
9.755982352173635519e-01 5.123536208748525889e-01
2.873033430503402208e-02 2.508598071306505917e-01
9.966044812966854405e-01 1.019716041528102579e-01
6.424382907048629132e-01 5.401645861814355909e-01
-2.366617301314155597e-03 5.071554866937242334e-01
-1.480226583526889073e-02 2.316488685307871442e-03
4.569154855235726398e-01 5.004440634128985987e-01
1.087331747430608786e-02 8.153768046417582127e-01
4.923838778792042348e-01 1.332671669873339848e-01
5.418016319802461123e-01 9.160717492723392530e-01
-3.258623776448688059e-01 1.819200985188065278e-01
-5.109802734903736710e-01 6.118667336631646858e-01
7.247110234398879136e-02 8.507673285033308108e-01
-1.541778694340405487e-01 7.486497117372482579e-01
8.913170017393223787e-03 2.235917708077015398e-01
1.240323375865282074e-02 3.537289666487254403e-01
6.291073555027251185e-01 4.306619484880946924e-02
5.897576293460291552e-01 5.962645427334176684e-01
-9.005708791555124826e-01 1.482047905295713619e-03
-1.954161041400719334e-01 4.972265729826096381e-01
-3.897768978570146370e-01 2.788489440346967330e-01
8.602153854389937848e-01 2.708115493323437484e-02
-2.516088481149483247e-01 7.935053057376104668e-01
-9.308857091986699750e-02 6.446602809450920901e-01
-2.954855487788805579e-01 8.454784125917369497e-02
6.100869723891122476e-03 6.919088273827386226e-01
7.556411552044834945e-01 9.812684603326856658e-01
9.548466772843180461e-01 1.481151046889467304e-01
3.812154395749847158e-01 5.398759410416364979e-01
7.080933211007445216e-02 5.456414971569245598e-02
-1.706115001463759384e-01 3.591912165526828238e-01
8.752315487688422380e-01 9.565990990542043715e-01
3.474627373609966430e-01 3.925316247597206987e-01
-8.356144113247800931e-01 2.319757370033621591e-01
-2.621531221870698758e-03 6.272737817800678739e-01
8.711445299240505591e-03 3.740070734802842800e-01
9.514841150204962350e-01 6.828561431314505992e-02
-2.438538768307496607e-01 7.017785666299214409e-01
-1.186392197403352000e-02 2.987861550035278979e-01
-7.786788374927633427e-03 4.974028794583393864e-01
9.000057616589713927e-01 2.463187939742446098e-01
-2.901098995468915920e-01 5.223746386269197961e-01
1.908832831014666276e-01 1.757895623283659559e-01
9.283976318377893389e-01 8.787202870720849379e-01
8.406260909572726980e-01 2.854443529857982886e-01
-8.367200792381066510e-01 6.375835693290934358e-01
8.455283946656921845e-01 7.754466254931182689e-01
5.868811051363609366e-03 1.830111303515727927e-01
7.922897702767552897e-01 1.965735370800615334e-01
6.437615559193865522e-02 8.317562624494999612e-01
3.458741253813759631e-01 4.143751125085246567e-01
-8.872287761015871244e-01 7.710845423658150288e-01
-8.290445238471972900e-01 2.441419175642119965e-01
5.926795408678797727e-01 2.358343513952665393e-02
1.191025244277521544e-02 6.809758907897380809e-01
2.655055007744577811e-01 6.525452795738496681e-01
-7.051090339262140461e-01 9.895667935746705890e-01
4.909201553623054881e-01 5.159552431907052927e-01
-2.319527690251710350e-01 7.794742861405729029e-01
-7.464814526336516209e-01 7.820224904337609306e-01
1.575881919775690143e-02 2.326060661376252447e-01
2.495121352973703743e-01 1.943015625526051116e-01
-2.909626172707291403e-03 7.347112441031025121e-01
-1.212643000687079198e-01 6.092009306669055047e-01
3.664769746389917593e-01 3.438203542012086000e-01
-5.271926539481164298e-03 5.427742943152028543e-01
-7.735509600828729404e-01 5.685296166063913414e-01
2.349636551456590894e-03 9.607420806135003044e-01
-9.919280604231195397e-02 2.486569897623440717e-01
-6.246003180056325377e-01 5.398872555531557538e-01
-7.957838299610178190e-01 7.151372788248292478e-01
-3.744949647768835987e-03 8.902855861200623666e-01
-1.259998572343601353e-02 8.033916478595153343e-01
-2.590315014487920564e-02 1.941425027097931633e-03
-9.547254494875243580e-01 2.574283409949961188e-01
1.190654060563423045e-02 8.050616064050963860e-01
-8.828306888935479879e-01 4.753981973750550649e-01
7.927922940025351473e-01 6.124364597486242623e-02
-9.475817473550205428e-01 5.332559795975221340e-01
-7.815245463254294478e-01 6.986343296026488181e-01
-2.308740676081111332e-01 5.239681206063472318e-01
-7.926645132295726537e-01 6.375236319686103936e-01
3.720877880333677279e-01 9.965651805945943131e-01
-9.083931201329811245e-01 4.690402269810426406e-01
3.781167231200932566e-01 3.806766701003414521e-01
6.398500756468701312e-01 9.781142773343557417e-01
9.593722593130764587e-01 7.903083446527179312e-01
5.368266835463486597e-01 3.877502857959491678e-02
-6.268879280051598002e-02 1.022630496619391094e-01
2.729862343781208622e-01 6.060002617012825166e-01
-1.061023623023995555e-01 3.863610432745822054e-01
-2.810747710592811366e-01 8.035415538631144328e-01
-3.252835658678732145e-03 4.306967477689138679e-02
9.089172622658796552e-01 8.287491414395983247e-01
6.577978278035383486e-01 2.630433382269281584e-01
2.362172841725302952e-01 6.480527559687088157e-01
-1.863220329579831080e-01 1.937120379188503883e-01
8.893766481167395543e-01 2.054867360543288779e-02
-2.792916314683180357e-01 2.580501818499633115e-01
2.709941040010674929e-01 3.775115078524712287e-01
-7.542905388803837763e-01 3.814257074009862469e-01
1.673981209878938614e-03 5.665839301642784376e-01
8.871690032189540887e-01 4.326911509720045013e-01
8.157920543858490081e-01 5.109862868078843823e-01
-3.803045848769575077e-01 8.916398976082257066e-01
9.612529964500460267e-03 6.395346253440363782e-01
6.686516173302574639e-01 5.521766206801342891e-01
7.869846827360531538e-01 7.070709071749575747e-01
3.574753837226822828e-01 4.758404348786112736e-01
-6.322878187509310965e-01 1.150205681648693856e-01
5.916411717297176409e-03 5.776459971465905952e-01
6.571473414330182283e-01 4.295425563931309920e-02
5.274117087658289904e-01 5.366863030343760332e-02
1.734591473254836202e-01 7.020368448873554046e-01
-3.551038871208502812e-01 6.121120986483955528e-01
4.176789023871341211e-01 9.142872941530323372e-01
3.063351095736068785e-01 5.825574321172234393e-01
5.374453261399081416e-01 1.929345115707992164e-01
-3.640986371156658130e-01 5.297842274108824911e-01
2.593309538973216366e-01 9.649597645135652435e-01
-3.540071988610060671e-03 9.376558746698432367e-01
-4.085937400037338296e-01 2.191110932955809831e-01
1.947815599339763892e-03 5.905010080375868720e-01
9.999879657460031268e-02 2.601947068956889098e-02
-1.216976201789454759e-01 3.817144543813888458e-01
7.210548034072701284e-01 8.975162393654380066e-01
-7.078480524779102723e-01 8.248297869218476075e-01
8.966867670898157616e-01 3.919878424280622831e-01
2.714913758882011585e-01 8.107187970498758167e-01
-1.418602948372162942e-01 5.413961674538935176e-01
-7.897541204458240482e-01 8.886588992590782610e-02
-4.692873803485106965e-01 7.912399130486635901e-01
-7.616992077551434370e-01 1.544586209486128459e-01
-2.482366833238927040e-01 2.503385595231522043e-02
-7.536638681322422872e-01 5.645795136394557989e-01
-1.930194568612320083e-03 5.737044152882843084e-01
1.047111101567077540e-03 9.085020190638661841e-01
9.958275863836714148e-01 4.896278031347047754e-01
6.868552861708987489e-01 7.776646582552957376e-01
8.519284997765552703e-04 4.295032143918980916e-01
-8.963470678356435517e-01 2.737625212516081596e-01
-2.083220721394167807e-01 7.315806334560431834e-01
-6.239399059417527482e-02 2.948797520440615827e-01
-6.431400747964000075e-03 4.100871831414175661e-01
9.892624453579248467e-01 6.177288099323516857e-01
-6.703352308522565473e-01 9.134349563890206136e-01
7.674025367944095066e-01 2.498604614656164680e-01
1.646608222835852509e-01 8.202580015184940398e-01
5.802732332096720569e-01 7.579920280957247458e-01
4.356937381351655425e-02 9.598873999522693490e-01
7.108018943984528715e-01 3.353090504003920502e-01
5.191381564301800200e-01 2.224370601229578304e-01
5.972280118731250198e-01 7.464182157621004343e-01
-6.180757644425649566e-02 1.360210239210639660e-01
-4.453608076508208669e-01 6.187362726936822543e-01
1.758119767098360597e-01 1.374517389493163932e-01
7.472888508101016569e-01 9.416681010725824752e-01
-5.202970675143983037e-01 8.470420120833630495e-01
-3.714191221186100567e-01 9.048428110085290355e-01
-4.068633902733265195e-01 9.618206857681877997e-01
-7.280343039258605486e-01 7.252040529318101170e-01
-5.850461275841092323e-01 9.612468214006023581e-01
1.091705945641674447e-04 9.129634584284942456e-01
1.522191306359221841e-03 6.192260859898996994e-01
-1.774943985043631045e-03 5.293490866996264366e-01
4.218294712463319662e-01 9.721709751907458008e-01
6.688559972355407890e-01 8.966118653955087447e-01
-9.172548464322318740e-01 8.192041934526951286e-01
-1.487397670658971993e-01 2.781138766629341896e-01
-6.310615190802337793e-03 7.443718369631645571e-01
-5.080196163612726856e-02 3.068442903093460128e-01
8.377889844318460177e-01 4.418867162581163743e-02
-7.073512055718282898e-01 8.640631081403487013e-01
-1.016190696702934382e-02 6.066058901444650875e-01
-2.309218454061565673e-01 7.538988824076946482e-01
-1.829817197729788347e-02 9.414990716750079036e-01
-2.885723277410146004e-01 5.013156017479925008e-01
-4.603957160632996537e-01 4.097819408672001007e-01
-7.325822539166477743e-01 1.349973380304883008e-01
-3.703394019636263579e-04 4.781253225910039317e-01
6.538988597107375789e-01 1.030544094644215702e-01
-2.133634189374644663e-02 5.115528871199521710e-01
6.098968492345953063e-01 2.536951336723534123e-01
-8.879089518016436422e-02 8.840636500813763288e-01
9.117940198722265244e-01 6.252417597484039025e-02
4.145112619885191751e-01 7.113602331313990668e-01
-2.252251173185948474e-03 4.651649074218281443e-01
1.244517426437630192e-02 7.971731960921624172e-01
-1.042947434955336927e-01 3.079634248963539767e-01
-8.412082419824840063e-01 3.577972753168807696e-01
6.802333627687975337e-01 6.649806547318029004e-01
-4.041735903678864705e-01 4.645320090050112372e-01
-5.429284146352904017e-01 7.017697155043278734e-02
-7.011744841225333591e-01 9.891363184907847605e-01
-2.569322333552115367e-04 5.131835391746554231e-01
9.767198180843039701e-02 9.870419515207617955e-03
3.414127668857449560e-01 2.095269754488804370e-02
3.033853573173923568e-01 3.159199405710598763e-01
-1.665487217371663942e-01 4.021787289902599705e-01
-2.808646832299852569e-01 9.113920726012343376e-01
-5.158556774533962219e-01 8.392837770263387176e-01
-3.456064930144409075e-01 3.615083143881400174e-01
3.118831131025261438e-01 7.200320265577330181e-01
9.707348023002548842e-04 5.064116215794830511e-01
-6.532115245731962005e-02 6.071305663100977634e-01
9.440716474642396605e-03 1.269081176292476965e-01
-5.595923172378038934e-01 2.138539029102286548e-01
-1.238099523505176158e-02 5.946754354733725378e-01
-9.531435973779478488e-03 8.564536903203134877e-03
-1.106468779515834555e-02 9.979949042180981111e-01
-9.430632291533418421e-01 5.491621620742191956e-01
-3.395443299870626319e-03 9.137120159169566103e-01
-3.222974068562785011e-01 1.931924369962902954e-01
-5.228020898885008538e-01 9.370471263074651169e-01
-8.301889920069549511e-02 9.999827184345522202e-02
9.156165837776630845e-02 2.363813691106473325e-01
5.287264281919181741e-01 9.188625598752243606e-01
8.138381576127848849e-01 3.876369088375932748e-01
5.756262403053824528e-04 6.862732860131492973e-02
-1.563837053855587911e-02 7.186053824043576732e-01
5.655781579545589022e-01 5.325879529194317286e-01
-1.134747009015197872e-01 5.508146734366882180e-01
-3.402445742443194199e-01 5.140186654747214146e-02
-8.155502688335125594e-01 1.532263264234382527e-01
-3.589857269465621670e-01 1.044172596038291934e-01
3.589255593981515169e-01 5.642909345132356425e-01
-1.499290179102279463e-01 1.970207453580855583e-01
9.396523704296111390e-03 4.934163022292027412e-01
-1.058159302238514954e-02 5.688664544332873163e-01
7.919077996821410892e-02 3.447696847212091686e-01
2.602895718631241806e-01 9.785658288284442285e-01
-8.775197905094824780e-01 9.102502036886361836e-01
7.291231392658334975e-01 5.953804238933122495e-01
3.656649807027603227e-01 2.315826747062559310e-01
-6.552854523083739835e-01 6.355450976238424809e-01
-5.088818829140415723e-01 4.464953668994268154e-01
-3.984756667878341929e-03 8.147720114486265430e-01
1.901334772341298773e-01 8.899521877104092926e-01
-2.115691376468264995e-01 3.571736962700897688e-01
-9.828902218347248532e-01 6.145937514553702075e-01
-6.238363848570265269e-01 6.241887263290617494e-01
2.226421033159411422e-01 9.012472454962757729e-01
4.485073964910062383e-01 9.226843036362419870e-01
-9.713031884106184677e-01 7.463309125582462400e-01
7.102153427949797759e-02 5.983276938139828749e-01
-1.441363327184177479e-01 3.535563494982214561e-01
-4.975748551672569686e-01 5.253591698266427690e-01
-1.324614113127873249e-01 7.413631954097078536e-01
3.137017199483627117e-01 8.061438130177863703e-01
-8.847865843899038740e-01 9.070309041356788837e-01
1.900368011685622527e-01 4.522320140906234132e-01
9.568624373934921934e-01 9.810928293995065941e-01
-4.284591675106863562e-03 2.216432351575641224e-01
-6.939374658844421617e-02 6.083283134528593150e-01
-9.679883347283315675e-01 7.030376879511625043e-01
1.566894538463614595e-02 1.735583950139134579e-01
-9.756886891282399166e-01 2.314264860264670931e-01
-4.597381071046235945e-03 6.101558917392141401e-01
-6.356717107751874707e-03 7.806585158409377057e-01
-7.133486970359601553e-01 6.447520402442088461e-01
9.698361972712095103e-01 7.582506633337905422e-01
-8.235241065789953296e-01 7.311589199299574071e-01
7.095241553213145203e-01 3.596187045989347464e-01
6.725874665721098822e-01 6.395092942387416990e-01
2.750769653822704441e-03 8.795826731410048005e-01
6.343757606029774010e-01 7.903868940117141362e-01
-4.757613822064123976e-01 5.271756176428428198e-01
7.177341258956528858e-01 9.819997652372525199e-01
-6.635425713432852035e-01 3.429208076434543395e-01
1.222760725031526441e-01 5.863482835912423585e-01
5.252179869110102928e-01 4.014188239665974489e-01
7.646526093117380629e-01 6.306925593283355669e-01
-7.736538537871653354e-01 3.077218841071163169e-01
7.879731124337723269e-01 3.039286418109519161e-01
3.039629888968924387e-01 8.200930132024943919e-01
1.630846242255907796e-01 9.710944369728542469e-01
-8.380508488324460714e-01 6.139058072431038404e-01
1.390354179808821478e-01 2.156058572825160224e-01
8.695345499839268744e-01 5.073310596485042234e-01
-2.162744262749227708e-02 3.809413050114884847e-01
-2.819299599057691896e-01 3.847687087776676673e-01
3.467898483871538762e-01 1.117541449884439375e-01
-4.522557849332988766e-01 2.645963187780305814e-01
-2.068330517552143810e-01 9.004560327302943978e-01
-1.688542360089817507e-02 2.836735864675188346e-02
3.605455774622492449e-01 9.843697517237772754e-01
-2.291911731750202463e-01 6.111010520260630186e-01
2.779430637193183173e-01 3.954877215081024078e-01
-2.314998122779243772e-03 7.814992862706990895e-01
-8.820298576706329108e-01 1.608498388479480123e-01
7.278053036567755374e-01 5.592932810254611642e-01
2.275992316612895916e-01 6.758036562157310190e-02
5.776925719228254152e-02 7.153558582388575005e-02
3.285070394795086557e-03 2.610342729274869322e-01
-1.943698331930259204e-01 6.522213474302140934e-02
4.064063808992535165e-02 9.142647807836161711e-01
-4.348059909411523538e-01 1.722659457980340036e-01
-3.610258580471148449e-03 8.342746128448853549e-01
6.672263836846399343e-01 5.885398683951856835e-01
-6.170316321975954921e-03 8.004525726590552281e-01
