6.096049272675170272e-01 7.725681208214008056e-01
-1.220381950581426178e-01 9.941698194945614020e-03
-9.848940909169978664e-01 8.915558286430688151e-01
5.941070047615384375e-01 6.194139026990801433e-01
1.105794515075058104e-01 1.387806102679119968e-01
1.344307894146523630e-02 4.365522596655485588e-01
5.662244511035681160e-01 5.784037303181428502e-01
2.792176066814933133e-01 1.999788354416038860e-01
9.954159922729655108e-02 5.018042627318585192e-01
8.052310413505052722e-01 4.079768777489977127e-01
-5.790507335192929261e-02 1.804470335357015731e-01
5.562644998218737591e-01 8.363429054579161193e-01
4.537849259025750204e-01 1.985707620445024135e-01
-1.453477363693329583e-01 5.408873047936619827e-01
5.174091533620248651e-01 1.335289777544366174e-01
7.146591949326206450e-01 5.106803906890566846e-02
-4.439134306359697746e-01 4.583337171660133436e-01
2.698811198982173920e-01 7.604518212647914943e-02
-6.431906288855360199e-01 2.490598133540814496e-01
-2.439263721716049549e-01 2.276830847561114313e-01
-5.966540309350309990e-01 9.159256651646539016e-01
-7.838564583874028102e-01 1.011313949663673606e-01
-7.945332367394364326e-02 2.648669285876013024e-01
-6.383500288921051258e-01 8.179782986841210857e-02
2.169036062568252543e-01 5.133408003618327164e-01
-3.665906518713872853e-01 6.212813112670680926e-01
4.917125262854613599e-01 8.486673098211132693e-01
2.366064761857611387e-01 3.590489257336190176e-01
5.637212937348621278e-01 5.301733106968016251e-01
-8.108283973945020762e-01 3.950389110112222379e-01
8.037358039935802445e-01 6.874949390642927094e-01
2.191300225173709038e-02 9.966060044346033431e-01
7.652077077818431050e-02 8.135032492992998465e-01
8.015265172682588535e-01 8.775536264936845132e-02
1.290416715356432764e-01 7.395098637598668256e-01
6.151439337697011123e-01 1.699364403451200101e-01
-2.609770501987007663e-02 2.893181863313267765e-01
-9.549700990676204260e-01 2.752557089951441771e-01
-1.110249241092107209e-01 2.153905362708385951e-02
2.990683571168784027e-01 2.349435708640035259e-02
6.220217451818903509e-01 9.329287559584754641e-01
-7.600001878080651085e-01 9.820880151012280068e-01
1.180328553185268081e-01 8.688872431135937768e-01
1.664077219384467732e-01 1.905684686026285490e-01
-6.488083443341681189e-01 5.025296572025506059e-01
5.445042134437421133e-01 4.350426600983317016e-01
-9.695882531067123722e-03 5.215105550593343020e-01
-6.401585081519058917e-01 2.832591661187724430e-01
7.717322891010640618e-01 1.649034309344591387e-01
-1.559373069265632683e-01 1.370098481680799285e-01
2.144150995369000778e-01 1.391802991609072393e-01
8.486088937985969416e-01 4.513571132841343037e-03
-9.789060420750905767e-01 7.275312514451615087e-02
2.904659421327782098e-02 2.557576493587990774e-01
-8.580846370817918345e-01 1.415713077155600352e-03
4.291545285501345841e-01 6.999719515344495768e-01
2.114654429867814933e-01 4.928135015548881226e-01
-9.459528744116085797e-02 1.932972936194543578e-01
-7.441751495205497502e-01 2.169582711701976141e-01
3.477847541378884522e-01 7.575161554960054833e-01
3.579250799804900574e-02 8.053891767219615305e-01
-6.263605474319144939e-02 7.771244306550453285e-01
-2.026680775657423439e-01 5.653027478138695772e-01
7.949055813822492045e-01 2.756734342677614746e-01
-5.912322735387676165e-01 6.342800585378394196e-03
6.117750937526582611e-01 3.475333394393671504e-01
-3.252515744862980451e-01 8.622270203346952266e-01
-4.219392473389358411e-01 4.653465991819325520e-01
2.747452376346641856e-01 5.667437377736374016e-01
4.686566807513292687e-02 2.012360629593445971e-02
8.815731947221354670e-01 5.991784619862058348e-01
4.603092556011494363e-01 9.340464923774403072e-01
-6.455560832913334046e-01 3.601868184997477629e-01
-4.931190073122557749e-01 3.729906693089481973e-01
7.789536451034477782e-01 7.448752403455866089e-01
6.961607454783704796e-01 4.017293022093495480e-01
7.266070185640183254e-03 7.811404958549466038e-01
-6.662834636085386286e-01 7.110902216026298017e-01
7.858395895680587717e-01 9.771911356355400535e-02
-5.539918491397879396e-01 5.609911229960928836e-01
3.404398114007640697e-01 6.374108859570587482e-01
6.455385959623691772e-01 5.525559991692454709e-01
-5.861080538306802090e-01 6.291258384183278096e-01
3.754769853570028015e-01 7.749002738761501252e-02
4.588101446907542069e-01 5.865737120612973809e-01
-6.076059040263850353e-01 1.528781348028662723e-02
6.483623496544621556e-01 6.177180111989033495e-01
-9.058136449892471020e-01 5.916828615700236993e-01
6.175294800001778217e-01 7.445215602275300215e-01
-5.374708264874690222e-01 4.248153009617349207e-01
2.809269472857836014e-01 3.864176962447498642e-01
-7.492550191211908572e-01 2.828688741434304266e-02
-4.947880080744049280e-01 5.806383683191161937e-01
2.614452026074776114e-02 6.596080487156262828e-01
-3.358249097490046964e-01 5.320929908241600614e-02
5.193728687408076805e-01 3.930902983987574206e-01
-6.874309470919686138e-01 5.469248579290931778e-01
3.971337801500329778e-01 3.233527366895415645e-01
6.156557911018771811e-01 4.461300794949131232e-01
-7.866672299663559631e-01 5.855266360204236520e-02
3.019889855756543451e-01 9.860763286132415706e-01
-3.581757739098105908e-01 3.657397927746842692e-01
-5.462209002428219939e-02 8.833573091638545760e-01
9.136571866789799934e-02 5.451041176892741369e-01
-7.348467978633950182e-01 6.259191788608600149e-01
-6.351278658797709920e-01 4.897966973711919136e-01
9.801345889910344500e-01 9.685395941396571784e-01
1.244564480684495766e-01 8.672090226254830503e-01
6.624901828308589202e-01 1.192827433247761748e-01
8.188260887211118444e-01 5.904229929472126770e-01
1.472850594164258897e-01 7.232136983980499423e-01
4.848162195318088674e-01 2.375624862796001935e-01
-5.984839658963883036e-01 5.567011539791067998e-01
-5.998332889115816080e-01 6.813165365819950914e-01
6.379730220807739993e-01 4.568278962471062910e-01
2.894316385356161536e-01 3.105400666808477705e-02
1.344468926205937276e-01 1.329181465003972384e-01
-5.109164368733418726e-01 3.491443058535750321e-01
3.394801971401983920e-01 8.701653402877088661e-01
-6.621833889479145085e-02 9.968179407882223897e-01
5.474143715417767453e-02 2.819266345252611217e-01
-5.660797383868472199e-01 9.392859114107927621e-01
2.641042869232663737e-01 2.797788957315293645e-01
-3.404952743969162920e-01 2.509984976222191522e-01
4.388143890846720740e-01 8.961511202836818235e-01
-8.060344616227552716e-01 2.154162342415821829e-02
-4.871336735809002061e-01 4.987168515563839000e-01
-7.141343810598166364e-01 9.599384066408814808e-01
-8.819386853216462097e-01 9.654065497795405459e-02
8.730966436495499750e-01 4.034455011904536370e-01
-7.071206956202669147e-02 1.569867964049841413e-01
-9.822036189709477672e-01 4.411417725921177313e-01
1.181929404467780831e-01 1.777481224506494151e-01
-2.202802634699994044e-01 4.954616723554150504e-01
-2.761768199949192759e-01 9.166628471528998068e-01
-3.168794193834045814e-02 1.006617877083995083e-01
-6.143930879739418760e-01 2.283038529904040104e-01
5.068070712952286172e-01 7.460747339626252472e-01
9.326562995531917366e-02 3.575105099912445628e-02
1.073203789792254170e-03 2.651353317185146663e-01
5.452940951840268280e-01 4.550972475659320615e-02
1.774094576463327577e-01 9.512248372549463316e-01
-2.394867779673095498e-01 8.776780326184266956e-01
7.065452343234239763e-01 8.437639612787096732e-01
-8.837534321526487879e-01 2.122663270465693364e-01
-5.707010787758393100e-01 3.866935046210803195e-01
7.461368139603166139e-01 7.187063766774780538e-01
8.609933966712037812e-01 5.004354304305491663e-02
-1.650327084059419747e-01 7.172604452958197818e-02
4.244796785912174908e-01 9.317307978441760064e-01
-1.369789615901841895e-01 2.716756006541563018e-01
1.597381477255628290e-01 4.694660680377646944e-01
6.414677081428374894e-01 8.610729804585554037e-01
-7.866167748151102757e-01 1.398831631674569698e-01
-8.018579540461630017e-01 7.528773170965511463e-01
-7.906739528756834279e-01 6.149800940052201348e-01
-5.984077014051154553e-01 2.396771182510838427e-01
-6.309870038196268016e-01 5.443976303511395276e-01
-6.839267324239619583e-01 6.244232647688455762e-01
-3.485539338274667998e-02 6.055174310780732094e-01
2.155086080328214582e-01 8.045725351142336557e-01
3.392500022680895455e-01 5.911146149885427858e-01
1.221722290109334974e-01 5.754815301241744674e-01
9.497644774919062893e-01 6.963555405588351954e-01
4.778301082522617982e-01 3.658834593635309496e-01
-2.694335799190448189e-01 1.143328431122629940e-01
6.594861841328336638e-02 1.467076528178582473e-01
-3.925960894351421260e-01 3.013606950358290737e-01
-6.848787541153216196e-01 1.017631603313394750e-01
1.263210469553466275e-01 2.683718113966933050e-01
-1.581814912473555879e-02 2.665013100522914957e-01
-1.201499247592867636e-01 7.435665283947623383e-01
-4.184450673071946625e-01 4.938032000041326919e-01
3.776295473891564392e-01 6.676381799840136466e-02
4.931310348660575826e-01 8.277783842527319802e-02
9.456178837556032946e-01 6.927388973643050507e-01
-2.914668125513377728e-01 8.046629440276467093e-01
-9.231007608226311500e-01 6.174238916082060991e-01
-6.281271373071819486e-01 1.804619028388790847e-01
5.658543839848733104e-01 7.027223504542124966e-01
-1.497118605955163329e-01 6.186024821653142158e-01
-4.711005941447592438e-01 2.825111306005251288e-01
9.774316329732242181e-01 1.143189477326598258e-01
5.745419418078199225e-01 4.968892361751676701e-01
5.601233934318461394e-02 2.813828855504911797e-01
9.556021467049213847e-02 5.977161356233795519e-01
2.695297528483246996e-01 4.611529493548371939e-03
-3.202539474048882173e-01 4.463960764282870475e-02
2.785444179697851297e-01 8.252216103618145171e-01
-4.670815855976881981e-01 4.819463820650851105e-01
5.792909563721539978e-01 9.930508805731880217e-01
7.267457601166065206e-01 3.643082596805865547e-01
3.563530780535542064e-01 2.102215681157107996e-01
-2.286785153248191982e-01 1.592668467539811727e-01
-1.841981810529778052e-01 5.145879345562781593e-01
5.168468973482496231e-01 9.789885559587603314e-01
2.869220330891755211e-01 1.042886360123773670e-01
-3.373928245208992482e-01 9.147809154600337056e-01
-8.998386425541649025e-02 8.709316850424266843e-01
4.097971555505959262e-01 1.227413810493589441e-01
-4.221666975666429344e-01 4.879683793462158414e-01
-6.803107900365437111e-01 4.694033514197385459e-01
-3.579207888695694617e-01 7.720873667709049482e-01
-7.207969552092001742e-01 9.819260434924123038e-01
-4.519648448705861910e-01 1.034149378422264398e-01
5.543051041391986455e-01 7.933191706289792755e-01
-6.991333167777120661e-01 4.022823470128460421e-01
-1.901936335513196852e-01 6.600374937819675214e-02
-2.903369504754487185e-01 5.050714799701128133e-02
-6.278817243967724782e-01 5.758201328475687220e-02
1.281688743911679751e-02 9.180751680843757256e-02
-5.038565657299489686e-01 8.706474428029403745e-01
-4.884212626687425285e-01 8.564038911621670858e-01
-4.870238713526429120e-01 1.655379026674251852e-01
2.422091996401585234e-01 3.759981313105364986e-01
7.407436528489579342e-01 9.198547445138731682e-01
5.707779852286176681e-01 1.888664709047573886e-01
3.235598684678968606e-01 1.365768412921553043e-02
-1.207891732393000517e-01 2.766494990276732180e-01
3.987343971020158584e-01 6.119653486706485568e-01
-5.892381490730840277e-01 7.813632978090927494e-01
-7.353501841913814285e-01 9.302621036764335827e-02
1.142274945571977174e-01 2.496511347441161544e-01
3.269688255062592752e-01 8.135939632857608350e-01
-6.705818269929697539e-01 8.915198894828106901e-01
9.228875741344966244e-02 2.889153690358194915e-01
1.846443497491083718e-01 8.082208739093045269e-01
-8.198967997459851720e-01 2.916251832056426796e-02
1.028843908786616357e-01 9.096762481620468410e-01
8.525358193571446197e-01 1.166999428249300141e-01
9.513132583327787994e-01 6.368947061000385101e-01
5.637416267295314309e-01 5.979537016187786991e-01
-9.995492038657620704e-01 9.587070995842347232e-01
-2.037990429428269135e-01 5.615635212608356408e-01
-6.912220351787794481e-01 6.072623117281564786e-01
-8.624625057408397133e-01 7.442838896800807458e-02
-9.645904425723188513e-01 2.850017793184352888e-01
-8.169885164233892105e-02 5.268811956330825552e-01
-2.181545504131121582e-01 4.624891614470523216e-01
1.613098046478353975e-01 1.863957752568501380e-01
-1.671714547164784292e-01 8.333734965766617098e-01
2.035822567111804648e-01 6.265798710415854123e-01
7.771286988822769803e-01 4.758624979013877931e-01
-7.778238175220422157e-01 7.233117248610865246e-03
7.424331295849255774e-01 3.823563062496857512e-01
-6.122236146231108123e-02 1.860133253964919575e-01
5.409075034509209789e-01 4.991123532470598256e-01
-8.886464283328767699e-01 2.609398163896086142e-01
-4.836413607051381902e-01 5.214956561841260774e-01
-7.999140479663557901e-01 8.891297504771971116e-01
-2.299752900524332233e-02 9.598058438090867339e-01
-9.821781776430631439e-01 6.141347568301653848e-01
8.088127406394352015e-02 9.090820332938975845e-01
4.184086694379338667e-01 5.850460534627485165e-01
-9.402590552016294456e-01 6.825225378192352199e-01
1.390451633085254546e-01 6.330238830183995136e-01
1.609107393211188786e-01 9.806603008963521440e-01
7.760827678399617735e-01 2.195674189141340049e-01
-7.557350820560415627e-02 6.342288694554543138e-01
5.403060829738193238e-01 1.614451491656849758e-01
-1.296652213758651140e-01 8.614487523342222453e-01
1.786477469862042255e-01 1.675239493424336423e-01
6.702884207448545073e-01 8.906101093840750327e-01
-7.725681523635619108e-01 3.516649360120420731e-01
5.926795408678797727e-01 2.358343513952665393e-02
-6.491719808456228868e-01 3.549729640875274317e-01
4.444746131535428635e-01 3.660512602950940497e-01
-5.630591989504378780e-01 2.596641149239473645e-01
-9.709000057943464324e-01 9.450669473679097488e-01
4.978871722348849893e-01 2.213300062453344985e-01
-3.152810716093545906e-01 2.275747306863097341e-01
-9.380212312410052267e-01 9.438730802113824980e-01
7.130982073011105093e-02 3.044342679653223582e-01
-4.335360093761273514e-01 3.610666596123315308e-01
4.522321346558444422e-01 1.808227898139049827e-01
-1.771352199875106948e-01 5.252323202223012633e-01
-9.594155989672015217e-01 8.851966420083900999e-01
-3.153438412339728547e-01 4.307232028878071883e-02
-2.626800681626719758e-01 6.331596506611414377e-01
-5.506505691165484162e-01 6.147452005363766014e-01
-8.125446154456124059e-01 4.895582377206597613e-02
4.921138513167293560e-01 6.655141019807633285e-01
8.791229009049041920e-01 3.055217058417110110e-01
6.820516702980690127e-01 2.180997184585897752e-02
2.435610417663123251e-01 1.808366381147032964e-01
-6.742820629584040937e-01 2.113352839825697327e-01
2.181698222010495236e-01 7.923125210067671897e-01
2.256129147913799038e-01 3.357616247799947162e-01
7.082192106897313710e-01 1.366904614937161089e-01
4.695550597282998062e-01 7.761033280680141866e-01
-9.131701264292635400e-01 1.477003966836488713e-01
-7.316946001709037084e-01 3.390455913500417529e-01
2.111958807145670747e-01 8.600212506686133462e-02
-8.226869572090609317e-01 9.727501164736697126e-01
-5.575634667744298056e-01 6.138804290846073819e-01
5.288915260383455497e-01 2.108253878742508691e-01
1.298835894349568143e-01 1.816963583594810583e-01
2.899484037133384096e-01 3.581878730192349369e-01
-2.974498492839949826e-01 4.052034025394379846e-02
-3.846046768384108194e-01 1.022232829584249769e-01
-6.997828480418282204e-01 5.061536482194932685e-01
5.586843406682642232e-01 9.266266318993353623e-01
-5.739999853415462816e-01 6.354689764796725981e-01
5.769821398764705123e-01 9.187442848376659033e-02
2.592418166558827508e-01 8.550118193287451485e-01
5.061180156298592525e-01 6.852946007665808859e-01
-2.960988768723806785e-01 3.385975900502358193e-02
1.818550447740641118e-01 9.476028507964658898e-01
-5.806441479096746683e-02 1.805159127278442854e-01
3.190440350385361779e-01 9.960996151803080956e-02
-2.860385767491406828e-01 5.023045280597789874e-01
1.263003786104013315e-01 8.452539102853384723e-01
6.639658553969478572e-01 3.064795660247191522e-01
3.322083412053524754e-01 7.657155089187904773e-01
-3.460008256501940771e-01 2.712661487381164971e-01
-4.635644857226675075e-01 5.823248540863347200e-01
1.269689733222301165e-02 3.649796856652932631e-01
-4.890802244549459221e-01 7.643011944374833444e-02
6.798910417408765561e-01 9.011186036554631462e-01
7.831227765371477911e-01 7.136399086767318822e-01
-5.197656923791016403e-01 2.398483375109716764e-01
-5.642046746035127569e-01 3.083555935841862938e-01
7.556079008327201141e-01 8.864212259807590089e-01
7.140052604518627444e-01 3.698355997337527956e-01
-8.438434447419445039e-01 8.106841745851013359e-01
-3.625901280311423225e-01 3.045845189697841127e-01
4.322937301223708229e-01 7.336450124634251724e-01
-3.494909229084879332e-01 6.831289104045915606e-01
-1.727595275573696743e-01 1.748753134635236961e-01
-9.745610210693658182e-01 2.185990392621339762e-01
-2.689140231495135147e-02 2.114862051475602245e-01
9.932396853491209932e-02 2.615816366779122326e-01
-5.894329248555731926e-01 4.255866657656317553e-01
-7.088807223924709078e-01 3.153266556978947532e-01
3.674455467842032697e-01 4.821412058954305246e-01
-6.962184845932892774e-01 1.437676923835373710e-02
-8.956575959355508321e-01 1.092919053540002405e-01
-2.983991041686768764e-01 3.529062529580215823e-01
-2.359695354141555512e-01 6.337869260591741938e-01
2.878266985643178622e-01 9.057096158778592532e-01
1.713506723122497633e-01 1.215727991877724179e-01
-6.162787297742431392e-01 9.409327655127672774e-01
-6.839958391451321784e-01 2.687355029240342530e-01
6.137943766452980121e-02 4.188243122311302580e-01
-8.041528942996805096e-01 6.900804953197289260e-01
5.001277463780509080e-01 1.105637514886466111e-01
1.437520361950366254e-01 8.267813089530551274e-01
-3.694887155017199110e-01 2.422145793424647087e-01
6.762916323295666832e-01 2.964120077034482215e-01
-3.110935775345344823e-01 5.783664251416122948e-01
4.285581693974025441e-01 2.024611396726283541e-01
1.886010191692897298e-01 5.736387673160376899e-01
-4.242444123737063588e-01 4.887684549306233750e-01
-4.611741087718870258e-01 4.995781424523524361e-01
-3.479672232332962079e-01 2.865484640529257776e-01
7.565061063402822583e-02 6.001041357220583405e-01
-5.234053942714012031e-01 8.649661067642707701e-01
6.094775421981424302e-02 4.140402147598089000e-01
-3.711356099341172055e-01 5.778441638539018044e-01
-6.006380586641286712e-01 5.189029553378926574e-01
1.988390311818521994e-02 3.234250865637746664e-01
-2.823668529209646394e-01 8.556123529617818413e-01
4.656910202536022059e-01 8.668738110530329610e-01
2.588788462385236411e-01 3.565916485991371676e-02
-3.690470512924002300e-01 2.763747809322982807e-01
-4.798544034712060036e-01 7.610559948745115877e-01
9.817609735917529612e-01 9.086182013676532554e-01
6.880893522838560372e-02 6.865031920174802238e-01
2.509624155386560584e-01 2.128919776626003735e-02
8.701376594515222163e-01 7.307238491082470588e-01
9.370374476323473090e-02 3.539369047717002559e-01
-7.706177715586659538e-01 6.352290082296239149e-01
-7.052624378547964756e-01 3.203052542931624780e-01
8.475847196978469889e-02 8.856530050326316683e-02
4.693658636202924228e-02 8.421926181086479835e-01
-9.000746655101139471e-01 6.187309448074016505e-01
7.149064974348890988e-01 1.185508548237764748e-01
1.539957024077442949e-01 3.324830026210923162e-02
3.886955995292118438e-01 7.296073549555431859e-01
1.825598460066280015e-01 3.744313943264584443e-01
-4.862773090459058256e-01 3.651206004390321613e-01
5.567895820707244869e-01 2.157698863266666045e-01
-4.033161291410722882e-01 5.018500670893855098e-01
6.604679191369120517e-01 6.828704505563754079e-02
-6.199085165380797680e-01 4.332320901079276254e-01
-1.380209150106153082e-01 2.354042993391904925e-01
-4.380888856595179792e-01 7.744321537287925938e-01
1.353552504896773367e-01 5.751894467929119514e-02
-4.128005204683466989e-01 8.378547247718028945e-01
4.594998917699202323e-01 5.570267129863383238e-01
-4.425375949980001611e-01 9.042184645794443254e-01
-9.757924286385213364e-01 3.184270794669774585e-02
-8.768562980758394243e-01 2.532250919657987875e-01
1.490410817569165491e-01 1.920387848324711655e-02
7.430092861287167505e-01 4.743946690430638213e-01
-7.452480325522590210e-01 8.274549055254709629e-02
-6.864263573531403928e-02 2.654854691951793466e-01
4.203424999915366111e-01 5.539488868997133331e-01
-2.033876947617285769e-01 3.653445627670924845e-01
-5.790079181310847645e-01 1.275321054140879928e-01
-3.327996188323711912e-02 2.872790883628695280e-01
5.067570525343336740e-01 7.974634844659224120e-01
7.867467354236652444e-01 2.495137509849761903e-01
-7.939784302618688727e-01 3.419228417496346095e-01
2.700976036060329655e-01 5.950342002077243508e-01
-8.811522704866026068e-02 6.616572040799216792e-01
1.314593851724839002e-01 4.939840432115556457e-01
-8.677362026882862178e-01 5.217468015890351918e-01
-7.032187701868986007e-01 2.298204525880556126e-01
2.621672872575797619e-02 2.058219789314430503e-01
-6.360685327283088775e-02 2.748202558956505115e-01
7.547561482803755162e-02 3.139053408697772829e-01
-2.018389977752614861e-01 7.314907612968080119e-02
-5.791579151156158733e-01 8.572337068375353031e-01
-1.435172902160730679e-01 6.631320120111806604e-01
-9.439318162816490165e-02 2.894134491341948667e-01
4.579913859068072135e-01 3.215904920335730388e-01
6.590133560667466028e-01 5.503345020996895931e-01
1.764152228483730767e-01 9.006832097997939934e-01
-1.185442255885529317e-01 8.507256552019653029e-01
2.038219251683273114e-01 7.873518559297497665e-01
-3.687122220286376262e-02 2.278702181143815730e-01
-2.562405533646971989e-02 5.712204506752505129e-01
-8.973675092073731818e-01 1.492664693964556033e-01
-9.524239226000763558e-02 3.123005265043262701e-01
-2.652622942870053180e-03 4.893007382274412453e-01
-7.667942629963877543e-01 6.309701477146854032e-01
2.981558676077100678e-02 2.621523905404403720e-01
-8.367845576063914770e-02 4.411264279183954029e-01
-3.260510962943121704e-01 4.632686761146387333e-01
6.057732233350046069e-01 1.013403352909917343e-01
-7.207023479261505106e-01 4.266123426798076324e-01
-5.346311825547456209e-02 1.799672600341465367e-01
-1.289967242730754027e-01 8.552185965665642930e-01
-1.771782399400785302e-01 5.011153745952767746e-02
5.855840358260953060e-01 9.472676879174957154e-01
2.693754176652050081e-01 4.191451712044794720e-01
-7.841439965066165918e-01 1.415600489796179362e-01
-7.110496706007134460e-01 1.163602040206868082e-01
-3.367949609377898224e-01 4.194638551514251468e-02
8.462165532802627954e-01 8.825995553164855956e-02
-6.124333242386885701e-01 1.109998527567063187e-01
-1.317541642870261320e-01 4.656507578918928081e-01
1.222855795282826730e-01 9.713407111447978082e-01
-9.367520058083342871e-01 3.546156183858336641e-01
-4.370874544493841274e-01 7.935587731437585557e-01
2.086513445096731534e-01 8.694349417291108439e-01
-6.049598536020797113e-01 5.086275849316462816e-01
7.346608574499515765e-01 1.428965332416458622e-01
-5.593362526576002303e-01 3.226090192548269897e-03
5.086720743764683306e-02 3.962385993235176818e-01
3.209994888160245807e-01 6.835365359838805333e-01
-4.383423331197351391e-01 6.231229502310543511e-01
-8.405864829476608069e-01 5.216671450693045609e-01
-1.687323074947142398e-01 7.698749474330013332e-02
-7.617767269683624054e-01 8.180124929084423568e-01
-8.136239182475835108e-02 7.272691113162593757e-01
-2.481970802034749735e-01 5.249501553851069202e-01
-8.804850045945866732e-02 2.520556418235104790e-01
-6.911669541641687342e-01 5.887331305199792197e-01
-2.760088410887198140e-01 7.234323990006082949e-01
5.414818401719134755e-02 2.704278826733296226e-01
9.793263010066415308e-01 5.564827582075344559e-01
6.302573046548813895e-01 2.484203192843081887e-02
3.160171075844306898e-01 1.328594093364736661e-01
-1.843573162745300031e-01 1.008148953955340099e-01
9.442444793417068549e-01 1.324147796682104694e-01
-2.258050821515369400e-01 4.236458835608062357e-01
-3.387516749149694917e-01 3.312264209947725080e-01
1.266143292794121855e-01 7.660305227532311356e-01
-7.908931439200661551e-02 3.657368663661162422e-01
2.980492162331247474e-01 6.962027269114450245e-01
-5.309289032020536592e-01 8.435634186135132495e-03
7.313855910301401142e-01 5.136957786386543434e-01
-9.243602241735553449e-01 8.357183237133950504e-01
7.196649397327010700e-01 5.947563009005103485e-01
-3.572526879915318698e-01 6.560720899470648959e-01
-6.927781728871111877e-01 5.146349146816741049e-01
7.230281545309276137e-01 2.048623115005483442e-01
-6.828693014216091761e-01 5.156496181721851313e-01
9.346728148728344898e-02 8.156199088542541720e-01
3.999150654483414336e-01 6.951054856797752590e-01
-8.545065821387785032e-01 1.322417675083900068e-01
-1.092444096010436461e-01 1.943198379931797559e-01
7.643311223466220383e-02 3.095318124679797833e-01
3.651717676639876231e-01 8.485696599130685414e-01
-2.438090959453174111e-01 7.338420002977562584e-01
-5.846277243101096754e-01 2.361804358147518990e-01
-9.470482334836356486e-01 7.137838446344115795e-01
5.931402980107556289e-01 2.134903903566784944e-01
1.282696775094047670e-01 4.283810810160068039e-01
6.190223822007765442e-01 2.056398369414587091e-01
5.078198738961954284e-01 2.572766665626154969e-01
-8.863537475186151759e-01 3.782901143367174424e-01
9.193625870054360494e-01 4.902863269747448349e-02
8.685342651566396732e-01 4.076730907838772566e-01
-6.824651440442353056e-01 5.719368136656488577e-01
-1.834590946740888295e-01 2.243101066928872012e-01
3.423322294855517534e-01 7.433613729558758987e-01
-7.147625299400153231e-01 1.637831419441607705e-01
2.773804543266336076e-01 3.414480932232343280e-01
-9.667095887094423468e-01 1.816495813799410275e-01
-3.456393056252289320e-01 4.213572613715202975e-01
9.025206773524780957e-01 5.618564750697694343e-01
3.517101151221631028e-01 3.821360508574328518e-01
5.765727911322304777e-01 7.588341749521255730e-01
4.752349279908012480e-01 1.418253321741731465e-01
7.018974497626608855e-01 4.218608382353826736e-01
1.314553060048917477e-01 7.563418993561065173e-01
-8.965606901701062004e-01 6.678148539723882671e-02
-5.034453813153878521e-01 1.911590812797846484e-01
6.649700482076268404e-01 7.542933753194336344e-02
2.052541797353220066e-01 7.933923676141581005e-01
-1.513516933323533209e-01 6.527184462216196748e-01
-7.170731179718814463e-01 6.911980908847780158e-01
-1.780724288904220742e-01 3.527369785966772975e-01
-1.199054783734516683e-01 3.183930830890491226e-02
2.602499499337067590e-01 3.031493587645844867e-01
-2.309218454061565673e-01 7.538988824076946482e-01
-6.373704864540030712e-03 9.587587275337589032e-01
-3.079946902195418446e-02 9.218717236140290261e-01
1.039022236007658417e-01 2.267495441976129511e-01
-3.846864396775884209e-01 3.966083293121436260e-01
1.169758024951115249e-01 6.579344050907395269e-01
6.709407577913557574e-01 5.595120201567898022e-01
8.575512363513837499e-02 1.178548409266091390e-01
-6.671086711526994506e-01 6.315001602852025053e-01
9.559946260276763752e-02 2.353163555492321368e-02
5.179766230200544275e-01 4.406153554409261153e-01
3.246011739913312599e-01 2.339587980451105498e-01
-6.810059238344081667e-01 9.465923694397602173e-01
7.671419700612371884e-01 3.320870701276831261e-01
-7.399006671271908253e-01 7.985893175984475345e-01
-2.412305496655247072e-01 5.668835301869845633e-01
-6.608606890471702133e-01 2.948858668040720277e-01
3.936658354982689456e-01 7.359364936146460812e-01
-7.572879228583095923e-01 7.724485748952866215e-01
6.960813684809687985e-01 6.856530041061703606e-01
-2.353852345365692322e-02 2.916955857509511141e-01
2.966746231240047216e-01 6.107113236677033097e-01
4.695396777443727743e-02 3.962704833403885019e-03
7.361415916932709802e-01 2.395654930291957196e-01
-1.939276094115254256e-01 3.095772994411782886e-02
-3.117411570558707989e-01 6.811893188224815709e-01
-2.079119768770321119e-01 1.237963919023328252e-01
6.086621199351540668e-01 2.547267419805040456e-01
6.450816839857766993e-01 7.064114194627957311e-01
7.686861822611701367e-01 5.092211332426672676e-01
5.787345206053640112e-01 8.165223030516732816e-02
-2.846709140652148307e-01 7.662444910284971211e-02
8.111696616836150397e-02 6.277935257788391787e-02
1.254973838613209214e-01 1.268458397424129247e-01
-6.552854523083739835e-01 6.355450976238424809e-01
8.158229617695325064e-01 5.420654082647420324e-01
-5.447287570670764634e-01 1.197133543274883083e-01
6.248716642322265091e-01 2.679509689241507120e-01
1.636480102475525999e-01 5.185161063555483452e-01
-3.990178060806675031e-01 1.938905478725534426e-01
4.620785054317724239e-01 7.389384282050937003e-03
9.107372000994573558e-01 3.205303861309704017e-01
4.159098203077469247e-01 9.648536789165340632e-02
-3.978350656633040661e-01 7.738718788664625814e-01
4.861010334265276622e-01 3.129404474595623986e-01
-9.456977834686119966e-01 8.304902334792747531e-01
5.349354259278911172e-01 3.113350351444040820e-01
-7.385055818314585352e-01 7.858008857188503171e-02
4.619073377083073861e-01 2.067855246205104747e-01
-4.923041602762379121e-01 7.018305886324675003e-01
4.787575703752846579e-01 5.625904285804196325e-01
9.193974652498617672e-01 1.347355368536401476e-01
1.189189713466376475e-01 8.330332961433353223e-01
-2.899229663706863747e-01 6.524549101828142073e-01
1.513475808675261991e-01 2.219027326694681390e-01
2.051495862697272354e-01 6.794483784258927850e-01
-5.661012978645325600e-01 1.240429802726229491e-01
-2.860761027079061769e-02 3.480854314806904881e-01
-5.271087079437111189e-01 3.827633418684600608e-01
-7.974238686859980163e-02 4.559329273006014205e-01
-6.801116773975988128e-01 7.478282158173416017e-01
-2.820234974500195335e-01 5.466957023109282332e-01
5.906286491005996453e-02 3.990332622233530024e-01
-3.510594569478908689e-02 2.635827844202515147e-01
-8.505511716741807060e-01 5.328039727388124147e-01
3.951736380755797029e-01 4.829685114878023988e-02
-9.659720858825839862e-01 1.423713001205146877e-01
-2.699541024656670896e-01 1.263363653534474995e-01
-7.013306804080605694e-01 2.067830214406072287e-01
-5.083239553302609792e-01 2.266481064145312585e-01
-4.336615395455096778e-01 6.551269697468855568e-01
-3.021136538163227137e-02 6.718915188383141057e-01
-4.559435070029522752e-01 3.045712850013362338e-01
-1.971854858765242913e-01 6.115002224360504002e-01
-5.711155009089414758e-01 7.104834709510442492e-01
-3.595758079599264967e-01 4.696620529282440337e-01
7.931628704958553211e-01 6.910913157333642420e-02
-3.128730220331801259e-01 4.197340740129458236e-01
-8.461601371864713172e-02 4.764742807541200165e-02
-3.126421512553005932e-01 9.633284682873943794e-01
-8.170427039938867875e-01 4.609087867452845710e-01
3.530320771772395005e-01 6.556167259782271772e-01
-2.474010614927384388e-01 1.393001150219285167e-01
-9.380456142101227801e-01 2.736896824047141408e-02
-9.525308255608067043e-02 2.403454889934201200e-01
4.825250303027717180e-01 4.830161816767053473e-01
-9.556890766148133931e-01 2.777413592502202544e-01
-3.530751099713405061e-01 6.740677260618190836e-01
-1.412877067707096757e-01 3.356271250211774193e-01
-1.380444374514357975e-01 8.061343735780717168e-01
9.066533757238723901e-01 1.924546788355319116e-02
-8.743096200318027922e-01 5.360850482315198118e-01
-1.403279424126064878e-01 2.964111002456545352e-01
7.581126532250113126e-01 5.294322779323634709e-02
2.044767584900128998e-01 1.235551337253210091e-01
2.383123913086282464e-01 5.209557382608923648e-01
3.220297403992742336e-01 3.914515034344051569e-01
5.577112130832420078e-01 1.696920308719684911e-01
3.768482312151499869e-02 4.219583465040610548e-01
2.527451001338818504e-01 7.052447297564912176e-02
-1.781642686318463120e-02 6.371040159722908269e-01
8.364352962165431116e-01 5.712176326106968016e-01
-4.148591499074414379e-01 9.846186968975204623e-01
8.526102703925673154e-01 2.047307028464057099e-01
-1.429054926860531261e-01 2.549628148645899373e-04
1.358608586748843994e-01 5.298481515150343935e-01
5.341552722606039971e-01 7.499582031671833127e-01
3.766702829288102183e-01 6.918422082169417564e-05
-8.971831093686111203e-02 4.986456926313385107e-01
-6.382479570810530856e-01 1.204855602639387513e-01
1.827748176662327140e-01 3.757231019173834508e-02
4.136700191174265129e-01 5.867483676941637194e-01
-6.887972658964607309e-01 1.094042503571489577e-01
3.278138386113675917e-01 5.178701352094505772e-01
3.238151968777749357e-01 1.029232310558596541e-01
-3.399438179061482490e-01 3.602996679273395841e-01
6.863379655225312348e-01 1.694497059515895909e-01
3.619845166278616855e-01 8.710786582947749324e-02
-2.069572229537783858e-01 2.149066254219724748e-01
-2.782542551933617769e-01 2.309933017235288322e-01
3.981088035253601554e-01 8.681518755756497674e-01
-8.488822492223202509e-02 1.955875264012765236e-01
-7.633245275565390120e-01 5.318640413248021392e-02
-7.074646511463036358e-01 5.889455432314749661e-02
6.098968492345953063e-01 2.536951336723534123e-01
-4.386943616653515843e-01 8.549456606743216502e-01
4.631152906352513643e-01 9.938625563744470925e-01
7.655844867645809071e-01 8.389526807998537450e-03
-6.528183026099021458e-01 4.138084917165496535e-01
-8.646826155945903647e-01 2.131541740972999754e-01
4.182934968334386383e-01 5.989431718266652327e-01
-4.450220619970286506e-01 8.317897145513309942e-01
3.527338229534711100e-01 1.155288808450919413e-01
-6.881366734089995330e-01 1.094808117590571062e-01
5.557321282112201999e-01 5.484050521855690086e-01
7.309734217217902508e-01 9.399645968086178804e-03
-5.858436144116851985e-02 2.044427215074154924e-01
7.940592391522496296e-01 2.396905642476625520e-01
-8.207319513755684248e-02 2.268351401331183403e-01
5.295575169329420628e-01 8.800192289972786908e-01
-5.447504283275053094e-01 2.200959402443675161e-01
2.076354031478744311e-02 9.110597081086446725e-01
-2.877991597904980825e-01 2.689310701495898348e-01
3.852331237676875908e-01 7.123822057236294247e-01
1.612217727892550911e-03 4.729120479751979245e-01
-6.590194599597887226e-01 5.577824805949492815e-01
5.506262886035766524e-01 7.509440873679638084e-01
3.200729221347597964e-01 5.974620257926221978e-02
1.260892010454672807e-02 3.258733700931649713e-01
6.661682797665469113e-01 7.867298223231630194e-01
4.684041710245807622e-01 8.218307170777152670e-01
3.207730615073505209e-01 6.545770535545357705e-01
1.674265225227768994e-01 4.191700822012059957e-01
5.370275865982128138e-01 5.352363719143693466e-02
-1.349034456412041560e-01 8.244496189087391347e-02
7.011888371095231776e-03 3.952903863370192949e-01
5.036773937400313983e-01 8.295989524182129093e-01
9.261834183449073610e-01 8.669849829763677240e-01
-6.237878377394876495e-01 3.433988680445813069e-01
-2.438628208872084535e-02 8.278850342597883216e-01
-8.480844626512227258e-01 9.653614873961358089e-02
-6.254151317485736605e-01 6.609466640505540225e-01
2.432423314733653807e-01 7.271477949947594555e-01
1.985644037834468634e-01 5.934198618501353995e-01
8.284548933437840823e-02 8.056857196036434354e-01
-4.225547892281611428e-01 9.868624217190580250e-02
-3.721658930177444979e-01 2.404865498222602538e-01
3.129489811557939483e-02 2.515992786119254365e-01
-6.594287931785516310e-01 8.944265551931185332e-02
-2.139727924740146836e-01 1.070445723546895600e-01
4.176789023871341211e-01 9.142872941530323372e-01
6.641603949579999444e-02 8.734803034229353669e-01
3.081197241417266142e-01 8.269296331318088944e-01
-4.672859383690095569e-01 5.375187627334676588e-01
4.130067539209960614e-01 9.085429825841321305e-01
-1.271146872566852881e-01 1.642826941391758444e-01
8.774975580942334652e-02 7.242798794541636109e-01
5.391872156709756059e-01 2.036695586585165474e-01
8.549789511969070332e-01 6.836764262676829906e-01
2.341057424985888424e-01 5.658148482414937508e-02
-6.696686000391229854e-01 3.006131050396769755e-01
5.828991274414672130e-01 3.073642573809269862e-01
9.016673080409729479e-01 2.668443302769857306e-01
-5.820207642900225853e-01 2.771808500517392027e-02
2.933140619747254263e-01 3.345749135672358987e-01
9.222239670760381536e-01 8.574927139144606913e-01
1.240323375865282074e-02 3.537289666487254403e-01
-2.493124132386146385e-01 5.097193413648970495e-02
-1.540695665031315276e-01 6.456482694445830894e-02
5.391146201557894813e-03 4.575710763760270083e-01
5.096997573995787345e-01 6.677711071707026491e-02
-1.457489644537179885e-02 1.715017931478123314e-01
-8.093900556201434338e-01 6.437131752337793555e-01
8.078227452326451896e-01 2.385764247598829435e-01
3.274910498766758771e-01 5.445667118875645585e-01
6.153595217901175474e-02 1.758661733087635293e-01
4.139789902413291145e-01 9.381325554584241111e-01
-8.170123044897743547e-01 9.013279504137325926e-01
-4.584918618431597093e-01 5.058353529390341441e-01
3.439412165271249489e-01 9.458223887131358421e-01
3.921819093552565416e-01 4.953655692197591609e-01
2.942132046265188983e-02 3.157206595137442839e-01
-7.503949576892907647e-01 3.789644211522364969e-01
-2.876107018139562044e-03 1.918698227681787660e-01
-8.847865843899038740e-01 9.070309041356788837e-01
-3.772514001700530972e-01 1.116899256304579868e-01
8.485214705519172895e-02 1.530910858567299249e-01
-1.914878193768576597e-01 8.534281884400471974e-01
-1.513133101229475752e-01 4.575141850068268345e-01
-6.423564112330173437e-01 6.022238325072734044e-01
-3.807486556132859690e-01 8.299929696698845616e-01
1.840310847659474280e-01 3.491295713133855116e-01
3.052251580026572597e-01 9.702064060224806497e-01
-4.770085287213232661e-03 5.984990902956588421e-01
5.180241172676827155e-01 9.470632879112134139e-01
-4.798509087626001701e-02 3.626885602978796586e-01
-5.921234695899599831e-01 1.663072988921887596e-01
3.952977771582766309e-01 9.609812887751230104e-01
-8.664216637037396307e-01 6.605462069591065966e-01
-7.184752442515045523e-01 1.007299788444883104e-01
-9.706694489418965510e-02 6.526341965505078058e-02
-6.604441698180580911e-01 9.638060028184791683e-03
-1.872472840248562420e-02 1.947268066551781640e-01
1.759456352532211554e-01 8.686541883473014591e-01
2.295547538906150820e-03 7.785346468764879901e-01
-4.699059068712005960e-01 2.170663394597794893e-01
1.636102834587596089e-01 5.331514591786149504e-01
-9.534827773396870043e-03 3.037148811273370219e-01
-1.143197385058885018e-01 9.801691598853151666e-01
-1.140451369551764849e-02 2.807855043596663158e-01
-7.123127979494934259e-01 2.036641526689196846e-01
7.176508951358906430e-01 5.829321268284259894e-02
-7.428762412412550642e-01 2.400141115069975850e-02
1.443806840467964925e-02 4.019854046542277182e-01
-6.262128391009214035e-01 8.109275075680099087e-01
7.775992603129422420e-02 7.972352201779254743e-01
8.756402255447519600e-01 9.299395206070667497e-01
-1.141169441735869761e-01 2.827034525354592542e-01
4.476577756753803428e-01 1.518605754237029037e-01
-1.883345319200755430e-01 1.834472897997778684e-01
7.640360782245996241e-01 4.512226883712077141e-01
-4.070091153092918468e-01 3.241371189383319695e-01
-8.871649071863794145e-01 1.802308031918650189e-01
-1.055764392719835687e-01 9.189931734731112689e-01
7.834045651051981807e-01 2.123162496233214069e-01
-5.546514235910360302e-01 2.621841233303221497e-01
1.911272717701328894e-02 8.871511078083381685e-01
3.487286188052043379e-01 4.273195678823409338e-01
-5.611042273108772793e-01 7.597312406320240186e-01
-8.968089170443687141e-01 5.608667270779993386e-01
7.367130053149315572e-01 9.997681917045753153e-02
-6.652119432718042180e-01 7.384876211200681606e-01
1.251440999749662275e-01 8.790033325087810434e-01
2.166936963227872326e-02 2.531967485805697304e-01
6.265168335427171442e-01 6.214035774245652011e-01
6.030413400474923247e-01 1.579408567216128434e-01
8.275140901114097503e-02 3.755286154750181460e-03
-5.782588271046948947e-01 3.445706125619925064e-01
-5.443715157290096585e-02 9.656990800162658095e-01
3.191258341997409431e-01 2.515943952297928776e-01
-3.038524180297041966e-01 9.426259728019236173e-01
6.576959552957590827e-01 8.546957295092969531e-01
-2.373581834754248110e-01 9.591856365329617384e-01
-2.356722585573036710e-01 6.388748331546363346e-01
-6.762827824498605089e-01 8.501858038810776730e-01
-9.293359087088881587e-02 3.155358753048779219e-01
-1.860997110373947550e-01 6.237239055436820667e-01
-8.086781784863910083e-01 2.412349839714089672e-02
-1.670628502966078344e-01 3.314502295486465577e-02
5.619077713776343685e-01 3.546516769850738271e-02
-5.514774613678838922e-01 8.884748325415668946e-01
-6.778518884078070794e-01 2.999935427489011097e-01
-2.662690363401936100e-01 3.429798042356219101e-01
9.753829006920682332e-01 2.029888003400999175e-01
-1.633826262918143257e-01 5.623200905581627884e-01
-2.370400390568205840e-01 4.496755242420304999e-01
-4.954094967055988619e-02 2.131846987071237542e-01
-8.605834592274590467e-01 3.835520577355451266e-01
-4.568638249755130332e-02 5.983188146982686417e-01
3.233019365823071034e-01 6.415398857947642863e-01
-4.032025821932352372e-01 6.369916364524003116e-01
-5.816844228895059477e-01 2.821506314272425042e-01
-2.937957538639468513e-01 8.923993276459655233e-01
1.260128243641545076e-02 2.693298221637173695e-01
-9.012484907899855902e-01 4.151979046091572867e-01
-5.298783584237671818e-01 4.346020461019463044e-01
5.004664429245548884e-01 4.472102855747054351e-01
-8.961698132736684030e-02 3.125593656407202880e-01
-6.885937541909714632e-02 7.725603231164835938e-01
2.453337094511514049e-01 6.302919191433109525e-01
-1.908070093850058324e-01 3.060627034635992061e-01
-1.510812617638932487e-01 9.747051414645959699e-01
8.579527537357050093e-01 8.672425104012811969e-01
4.568964716765153700e-01 4.584665725152790028e-01
-4.826554212954867751e-01 8.526056212463430928e-01
-8.622277167189378311e-01 1.399568142313271091e-01
-1.927569460779210431e-02 8.028606684788718306e-01
-6.119126407998918271e-01 1.665954164987891728e-01
5.233158533290254155e-01 6.023192464033066962e-01
-1.453640212593618752e-01 4.079786209705138500e-01
-6.162608006272185523e-01 6.470942582111760544e-02
-3.672790963450198731e-01 8.616084481071224488e-01
1.245336973078532417e-01 2.121142807817081311e-01
-5.228542196852192792e-01 8.312631543455657468e-01
1.133853914665392537e-01 3.229310970257869284e-01
3.033853573173923568e-01 3.159199405710598763e-01
8.623536611470536961e-01 2.651430913305834469e-01
-1.095613177937697635e-01 2.884950899524396650e-01
-1.637992869978830424e-01 1.930288364416601343e-01
-1.789825446646851059e-01 9.503808859637672413e-01
4.476348107741250359e-01 8.492056089956424580e-01
-8.438201432123408896e-01 7.507148434029212725e-01
2.572296383238017459e-01 2.441711791583611735e-02
4.267864361035469400e-01 7.120504082473799734e-01
-1.795279452390292629e-01 5.044382337365088675e-01
-8.185782014563856013e-01 8.664843699738606908e-01
-7.290099476403681944e-01 5.095654537442567689e-01
2.940844057713634108e-01 5.232452934963801594e-01
5.587796220924921009e-01 9.135881066560993524e-01
-3.320570510146043652e-01 6.264740393648755568e-01
1.096012718307199929e-01 3.797535706466370620e-01
2.918313058035850727e-01 9.218344729146275007e-01
1.778936600888221253e-01 2.187213689474558631e-01
7.899975835677706115e-01 3.125518594581544463e-02
2.539207637003262352e-01 6.278765832763136823e-01
-6.124210553536375556e-01 3.757975633416987815e-02
8.448583590225957618e-01 1.086149664329926212e-01
-9.194155065774987090e-01 8.414680421713630620e-01
-4.970963440342823780e-01 1.376532893545873160e-01
-8.528839465827831035e-02 4.816309265460726463e-01
-2.011971380411143873e-01 2.650735336073939408e-02
-8.338072679281971489e-01 1.256300447865658088e-01
1.842342844994344642e-01 1.047779914350011055e-03
-1.239008589912067304e-01 8.711767899721837294e-01
-7.491047950469871264e-01 9.223840788359360943e-03
-7.786950688120755082e-01 8.463856612038235250e-01
-6.610178392980698980e-01 6.832938676735246242e-01
-9.896587180235509873e-01 5.334693263085438231e-01
4.714564679634491995e-03 4.343762102713030204e-01
-1.715608422909944419e-01 1.882855974921937570e-01
1.342342766241699792e-02 6.732091225793470635e-01
8.828440176894407632e-01 1.209585465910509861e-01
-5.034244954549560447e-01 4.701903711558648169e-01
6.189676538696931019e-02 2.754080319797891363e-01
-6.608613071305471376e-01 9.858283805975176506e-01
-6.137047519539493567e-01 2.271377913222663025e-01
2.719909066346040127e-01 6.086275223165328319e-01
-9.365916769907316475e-01 8.700946391068257180e-01
-8.940530113275424462e-02 7.374237404366507098e-01
-1.327160352395240217e-01 8.774751640795639407e-01
4.910216914554506040e-01 8.509929918559773210e-01
1.680038292943690781e-01 2.238634188787125279e-01
-4.776265734272642227e-01 8.471440330935844365e-01
1.327687841038507344e-01 5.300807377205485338e-02
4.066236245985888065e-01 9.622270369045928806e-01
2.862200661895792919e-01 7.564778771247636646e-01
7.067231898791652700e-01 2.499723204179050695e-01
6.387454617859453787e-01 2.959799892870467186e-01
5.042658786303502172e-01 3.310480020875138374e-01
6.367805486887956334e-01 2.060468199328938654e-01
-8.382318444117882184e-01 1.397261203148558728e-01
2.666711926133342736e-01 6.975300214100056406e-01
-6.437205221901445285e-01 6.152396025636051036e-01
-4.106795405050438497e-01 1.643853226453093619e-01
8.247993403878828289e-03 5.199719235923132565e-01
-1.454216303678290689e-01 8.398101157594402011e-01
-2.662367926923936423e-02 3.256466394220690619e-01
-1.182797365154197866e-01 8.716698922186011389e-01
-4.448138181716854156e-02 4.407047923796619804e-01
-5.917930416071657262e-01 3.158969815222677502e-01
2.398863483484405812e-01 4.443684317025834440e-01
-8.652694858237881537e-01 1.816261042000806292e-01
-5.570825044647209623e-02 8.721400515645386653e-01
1.996573505806680249e-01 5.538381446433262578e-01
5.773065547441347256e-02 4.314502677159021138e-01
4.475081996145902075e-01 6.711978113744417884e-01
-5.885497126915015809e-01 2.040113066109828788e-01
2.036285168719635941e-01 1.358157851674457461e-01
3.652390995522620809e-01 6.934970798854941387e-01
-2.675572557416823205e-01 1.791281567524428686e-01
-6.527210592709420389e-02 9.634262932666980417e-01
8.762128842986485200e-01 5.713044488092704487e-01
8.347858102695788762e-01 9.010655500410869045e-02
-7.889377834727939742e-02 4.126158961151534799e-01
4.239335468843297150e-01 7.350361015665793918e-01
2.189297545203843232e-01 9.186540794292336054e-01
-4.908807290588339534e-01 7.750125048760454494e-01
3.843896545503433515e-03 5.371920186791586671e-01
1.949029324602087332e-01 2.155489266146083382e-01
-7.585513481625465460e-01 1.162391288043636006e-01
-2.655561157012342743e-01 9.410566077705930788e-01
-4.532658607715831511e-01 4.240569971768960444e-01
6.559274898666178633e-01 3.265250708948709280e-01
-3.220097457839472543e-01 1.189448485605693051e-02
1.022539427701736336e-01 2.783542767570961196e-01
1.615814693459738383e-01 6.461046927215763347e-01
-1.025438995499825534e-01 4.564200699595430955e-01
2.120089551827681884e-01 4.748251067216668897e-01
3.570991621155505946e-01 9.587144674811919343e-01
7.043203380215836695e-01 8.259159459681663096e-01
-7.194385233084672482e-01 8.525916631309142790e-01
6.883196737952028688e-01 4.185341016886957588e-01
-2.572671978814029536e-01 4.473869811968058663e-01
-7.768365884309504921e-01 3.540271570938084977e-01
6.752289960708675043e-01 5.884352849584106870e-01
-4.141475350242327380e-01 4.496039412027430515e-02
3.123527613258698654e-01 5.743596540825536279e-01
-5.842858157137951203e-01 4.532517521461226773e-01
-9.253417716697891482e-01 8.890886401559148222e-01
-4.021992091433279626e-03 6.085594092392722088e-01
-1.710213539308844677e-01 2.227349785969428009e-01
-2.296296494495471130e-01 1.080314302222273870e-01
5.178785656601858634e-02 8.411949806769488669e-01
4.377557506901861295e-01 1.409513836074537396e-01
5.856607834305505023e-01 6.563642894606672717e-01
5.640150110972417252e-01 4.797250408014672729e-01
-6.372233455288629500e-01 4.492763509265386146e-01
5.125080739836691546e-01 8.979950982208462218e-01
-8.958515895071572643e-02 3.672617796327679596e-01
4.082422719807108358e-01 3.204944535506368819e-01
-5.037069328453802619e-01 7.955218277651066039e-01
6.849956591759296387e-01 5.031019408416481653e-02
-7.100198699613344822e-01 4.763333454335361150e-02
1.583016030359618576e-02 4.112052841714449736e-01
2.563972281287316690e-01 1.340343206017742261e-01
-2.255428144623532472e-01 9.610409355122200292e-01
8.657115167370184050e-01 2.801579069352059248e-01
5.627096284421586603e-01 1.572005946579653202e-01
-3.447917040361268004e-01 7.251727036751198785e-02
-4.635128556748533413e-01 2.932148166646623144e-01
4.364502168497308432e-01 3.801055973058726778e-01
8.537730606720288495e-01 9.496063914494414782e-01
8.205901475797379163e-01 7.701905630629166666e-01
7.460708760714993559e-01 9.244262426010618761e-03
-2.273660178952034983e-01 2.570025359991801039e-02
2.948827541396001894e-01 2.510770387675187454e-02
-1.860846831658533596e-01 8.832275777629106095e-01
-3.299971384440334443e-01 4.913493539324762516e-01
3.280421161157063281e-01 3.300469965426230390e-01
-6.887076880019016301e-01 9.051785170940807035e-02
-6.168161201864919008e-03 2.349820656238473804e-01
9.783745128928611479e-02 5.832179907254516626e-01
7.154382355765149804e-01 5.148818651318949335e-01
-5.174763731197031813e-01 3.762990974987410198e-01
1.352338196833553496e-01 4.240867731422229836e-01
-7.205115359050391355e-01 9.100023197480411330e-01
-3.223502697149200902e-01 7.218351101452107343e-01
-4.358042881141097613e-01 2.455714427791275689e-01
-1.431352830851584379e-01 6.737828872973771199e-01
2.357321720494001127e-01 1.522711178188188574e-01
-6.294543996939596653e-01 6.970976399703513460e-01
4.952068988061688604e-01 3.486610333590220989e-01
-2.381443928961139989e-01 1.506883999197941026e-01
-4.317221664877968212e-01 2.412774570276915442e-01
5.291898921055504523e-02 7.650129135672573133e-01
-1.038142336597012161e-01 3.194846776148440037e-01
5.882665131525954827e-02 1.147235607208157981e-01
-3.469943121748086945e-02 8.331230835143169644e-01
6.697661124998810500e-02 7.067999376013615054e-01
8.737249212911049057e-01 2.525026181325458197e-01
-6.737598305776077989e-01 3.264951919471773545e-01
2.245754121730560993e-01 9.429299305284299937e-01
-4.944379784501773401e-02 8.244445117718335325e-01
6.940877987644566982e-01 3.035410134254562520e-01
2.049002311118341968e-01 2.617758388613640186e-01
4.702490297833048505e-01 4.404570544364994067e-02
1.134027520862472826e-01 1.955215397599801008e-01
-8.756721884891900398e-01 3.575539169823772623e-01
1.693487067186028039e-01 1.397835663149024077e-01
-3.400488972033846036e-01 5.113908770085288102e-01
6.825175763042332644e-01 4.538814035794161983e-01
3.587375982125922125e-01 5.225968611193176905e-01
7.285468839244813033e-02 2.499507748163793952e-01
5.351384085700654492e-01 3.234760408644644647e-01
-1.517093489950072094e-01 2.159938215909236181e-01
4.161902198896376692e-01 9.293211500557965188e-01
3.222574273849925230e-01 3.997175119574174484e-01
-1.188968330983137811e-01 3.240395566095598534e-01
-8.510595392931419312e-02 1.939204037410460213e-01
-4.469381245094496968e-01 4.449270684168735723e-01
-1.783966452415655102e-01 9.729961917834454299e-01
7.088530743428151926e-01 6.889580217295513398e-01
