4.142464783357922009e-01 1.620287011790535470e-01
-6.880369857999513172e-02 2.677062042144220388e-01
-2.441185130726886143e-01 3.347804297895198289e-01
2.478114891126415031e-02 3.418135147508984950e-01
4.360803814330562744e-01 7.289845447430171044e-01
-3.658265259175257356e-01 2.477764891839678851e-01
-4.331204266126273961e-01 8.746908647478823795e-02
3.546177004208117545e-01 6.820194559788982369e-01
6.100869723891122476e-03 6.919088273827386226e-01
8.377356216731386418e-01 2.633625659124061436e-03
7.283790321524630240e-01 3.082061496585011273e-01
4.104519272943696340e-01 9.587998666805699344e-01
1.686776141777968085e-02 3.007096912393046884e-01
2.196490692757711027e-01 6.142827377170393399e-01
-3.313340033239546845e-01 7.078404610710958833e-01
-3.541218414167763839e-01 1.757534939169780319e-02
-5.456347422425078530e-01 4.255545820187194295e-01
8.833278481174342556e-01 3.280987790111755675e-01
3.739508740583423752e-01 2.777591659698799287e-01
4.729585076381694897e-01 1.489546296945369885e-01
-6.489296282977745634e-01 4.522033546791630609e-01
-3.158424316975050328e-01 4.795964524506517446e-01
-9.022214783891091550e-02 2.865401408324593779e-01
7.472888508101016569e-01 9.416681010725824752e-01
2.131147399686947885e-01 2.257132451954050323e-01
-9.047717488303717026e-01 2.106689088405749866e-01
-3.554307064834261176e-02 1.559107279992940631e-01
2.057753148779641883e-01 7.170687751547343280e-01
-3.297211492635954144e-02 3.075778911717604869e-01
-8.531736376784659903e-01 5.454289875865357962e-01
2.623123910487359378e-01 3.088260220725251859e-01
-3.341690015442266848e-02 3.486914195808423766e-01
8.614824544044938914e-01 2.248012605968682243e-01
2.561811918832268553e-01 2.577723691210388468e-01
-2.109681456718834891e-01 1.541628346514197778e-01
-7.777086001285007377e-01 6.316331182714697290e-01
-4.819222929060966720e-01 5.236805777571471587e-01
3.543225443198452229e-01 1.210785273028593956e-01
-4.651786562364952360e-01 8.788828122342473570e-02
-6.406429518438008230e-01 1.610256902762779996e-01
-2.438004632533630200e-03 1.670881877738615851e-01
2.388056339118018734e-01 1.711375374994732468e-01
-9.339798309448714697e-01 9.321363821917582060e-01
-3.002800367094524692e-01 7.917770781693271864e-01
-6.187920517706717582e-01 3.186678251489938329e-01
-8.382507152687967977e-01 5.176255035801435866e-01
8.278889725492175611e-01 6.927742377552159603e-02
5.656690993810837842e-01 6.889972057940076944e-01
-4.163648423999946058e-01 4.789771176114454576e-02
3.551501538390011703e-03 2.852654595581587404e-01
4.230784374265037506e-01 5.138390892332571624e-01
-5.319920241094322488e-01 3.616322886131984049e-02
-7.422863958244358962e-01 1.203142574440417834e-01
-4.351812165211423888e-01 6.401962578903308554e-01
-5.302380628385350292e-02 4.257528597375619395e-01
5.412337788518231108e-01 7.211683153846057959e-01
8.174286182730230443e-01 3.199246872373731065e-01
-4.106567075448483983e-01 8.284764297818580925e-02
-7.200506556594969965e-01 1.655327515805369298e-01
5.557925390129447862e-02 5.049290372025594387e-01
-2.430458141837559261e-01 4.988128607533971470e-01
4.696910605675361783e-01 4.786889328812543587e-01
-7.633670928691147495e-01 5.251744852055064694e-01
-2.852458482004949225e-02 1.864447346023871965e-01
-5.579480957943199204e-01 5.364397017485310615e-01
6.477394148273958319e-01 4.465328830214509992e-01
-3.076082561488946432e-02 4.732151470698187090e-01
-7.116795452869029148e-02 7.129369558339104795e-02
8.980011509402063830e-02 3.943082742429275811e-01
1.201404757596036266e-01 1.172221980722918389e-01
-6.651293814845937735e-01 5.705769727541520897e-01
5.611962549873528161e-02 1.469754364614682673e-01
4.228911662257699433e-01 2.183361374232447583e-01
-7.202431610817461305e-01 1.247384664104613794e-01
-6.713064916215991662e-01 3.751180783122592954e-01
6.616902728476130591e-01 6.289898716373409915e-02
4.862359213938207692e-01 7.487032478561836957e-01
-7.896875259662441415e-01 1.462369020512799267e-01
-9.942879596710536561e-01 8.724402402807862611e-01
-4.054037191329307177e-02 8.745341933191798089e-01
-1.932146563846188769e-01 1.961778140952882277e-01
3.464376112802247665e-01 7.850152421916622991e-02
-8.330124845027981895e-01 3.801202727616643795e-01
-8.567913603789911736e-01 2.786202097157721713e-01
-4.413399792003225297e-01 1.881129645389750804e-01
4.260597442617430897e-01 1.589388298396293697e-01
-6.928981130241511632e-01 7.723567028037431337e-01
4.600685959298138616e-01 6.215624470214586861e-02
-7.268605631593565430e-01 2.115667683795378062e-01
-3.737213579292300025e-01 2.351007663651771828e-01
2.154561265706937956e-01 2.541642391137050039e-01
5.635148620816066156e-01 7.187559329631687532e-02
-7.777926436017508216e-01 1.816060813787189199e-01
-7.997656283152998480e-01 2.545654645168329289e-01
8.538258759710615209e-02 2.976871795847502167e-01
2.373800030754016355e-01 7.753142245694681911e-01
-6.623690669001944809e-01 8.035370816918329107e-01
8.364352962165431116e-01 5.712176326106968016e-01
4.026143937806982986e-01 2.593036292484045546e-01
-1.824833288413534316e-01 2.798681635256502487e-01
2.377734083464517756e-01 2.613355892937154756e-01
-3.570176761474259663e-01 4.528277244085490150e-01
1.579594446274767972e-01 3.714983970926877266e-01
-4.091823199440227654e-01 4.901173489678112283e-02
6.313542126568727486e-01 2.324547771948380914e-01
-1.800622044917561393e-01 3.717424882677875519e-01
1.765826007069204451e-02 9.654835879213401473e-01
-9.136012724597772916e-01 5.850847625318353895e-01
-1.748704397563960455e-02 1.528215475158302139e-01
8.760175378759369469e-01 3.905433250954541968e-01
-2.579114518185532390e-01 1.390181943105328610e-01
3.003371240865482239e-01 5.749289115993482246e-01
1.599308371965224573e-02 4.607039424745690281e-01
-5.158068773661892426e-01 6.750463989101498363e-01
-3.528532855441177674e-01 8.268849928799260063e-02
-4.156467031192117023e-01 8.981744907186595128e-02
6.006292416559690928e-01 8.717626407554704970e-01
1.480673305130930650e-01 2.581060084547619482e-01
-7.988528772061620487e-02 3.800842790857748010e-01
5.071864377744161878e-01 5.773954670370839981e-02
-7.906723633347501057e-02 1.704916676167226308e-01
-4.566216892444792119e-01 8.532052647233210330e-01
-4.415791163848108436e-01 8.715114191783179809e-02
-8.330966314226229130e-02 2.904447311482128979e-01
3.944468554695323981e-02 1.520326501759988735e-01
-9.141053915722907597e-02 1.371222958016639071e-01
5.642896662471619251e-02 4.083318198700817137e-01
9.252085083836880663e-01 4.684003550234442370e-01
-6.922988337249931234e-01 2.618578570482046342e-01
3.027904871776532225e-02 2.638254116583873543e-01
4.138568708519030359e-02 3.863791351976565425e-01
-4.007085802555978571e-01 8.869147668148413821e-02
-1.218773196033491324e-01 3.851435724839631369e-01
9.572515196081798905e-01 2.500844739150913654e-01
4.146399796525355175e-01 5.417643530666549356e-02
5.159664447426770550e-03 2.813361555811892956e-01
-6.469962125439405742e-01 3.482438655082680246e-01
2.175764258865333645e-01 3.256052855797553214e-03
9.508439287064633927e-01 6.838380664808483278e-01
-8.527092916841700898e-01 1.268005596844391514e-01
6.347647908188225330e-02 3.430939308289852052e-01
-5.308261840631827155e-01 5.204546473970057541e-01
9.157549052428028968e-01 8.787154095223347339e-01
-3.407794589149464315e-01 4.808319194912684669e-01
-4.258540226761151626e-01 7.485476693073015442e-01
9.932396853491209932e-02 2.615816366779122326e-01
-4.663752514352603740e-01 3.086148660730334559e-01
7.498103673232077160e-01 2.942792933271894951e-01
-4.160985269476404902e-01 8.897146375469275892e-01
-3.735645693593678818e-01 4.768595645650408610e-01
-3.537400809130111234e-01 1.210349454633271593e-01
3.425934577746694298e-01 1.354858023765318498e-01
-2.340655897629249083e-01 6.338938037443657691e-01
7.261601281629115334e-02 1.521318519704839556e-02
-1.436302129252475801e-02 2.252137987676829933e-01
-4.070104034046813091e-01 5.621435383308170941e-03
1.490954819584198177e-01 6.991414008876351005e-02
5.462534598848354239e-01 5.865486086445659275e-01
-3.155868189926336331e-01 8.230333200318132869e-01
5.185522363979191418e-01 9.877649666116802285e-01
-2.670555412506041559e-01 9.360478252977718627e-01
5.305647187945816690e-01 2.778063510608941300e-02
-2.901058972993464380e-02 3.123490534557505915e-01
1.912217288116559999e-01 3.407650677530276173e-01
3.275231499673114666e-01 7.455057935943493197e-01
-7.018461792171233338e-01 6.628852749788194387e-02
7.581615124867375766e-01 2.810931601296577931e-01
6.803412160225441596e-01 3.121382859148778000e-01
2.601117313468499503e-01 9.632825040013492934e-02
-7.852669362332138636e-01 8.144335324971985202e-02
8.358150638905155194e-01 3.590804404295067087e-01
2.214727591353649050e-01 8.189631323699466670e-01
-1.030334369892347279e-01 4.307894327219927710e-01
-6.557231626616280007e-01 3.266640992984884972e-01
1.064378629105362517e-01 3.547204251430224886e-02
7.462413805770813369e-01 1.605536867174545135e-01
-4.074160680714755678e-02 1.926002357497017536e-01
-1.502222469891476564e-01 4.426122111178795171e-01
1.659944198345508770e-01 6.279836816852781833e-01
4.654026387950134236e-01 1.970862890897173703e-02
-1.470147677428457200e-02 5.051662104609890847e-01
-5.224863724631312323e-02 2.555135919082835994e-01
-1.831967606783957425e-01 2.518636964740177397e-01
9.030228996714200207e-01 6.031920466405279457e-01
4.337949021136382477e-01 2.187942869105189425e-01
-5.690251078242190008e-01 8.254701198841907228e-01
-6.438727484255217792e-01 2.363937526677348799e-01
2.844110607047607431e-01 1.474411385031506594e-01
4.774848895280043859e-01 9.407279617182129350e-03
8.677262803699288263e-01 9.199247658588681764e-01
6.072725332922765951e-01 1.715005849312667419e-02
-6.289982771802054007e-01 3.000362443343722596e-01
-5.731030654148152603e-01 1.094578986132666021e-01
8.809093521896844692e-01 9.484496215486317716e-01
4.770166280677661241e-01 4.004061325754648681e-02
-3.365612016731993617e-01 2.073085112485072434e-01
4.675220979900396312e-01 7.700390471325204711e-01
7.427617103780963514e-01 2.314399201157285590e-01
-5.391332206131247418e-01 8.558105825324680005e-03
-5.388819275624667782e-02 1.956715477414119331e-01
-1.453640212593618752e-01 4.079786209705138500e-01
6.941105126976609974e-02 3.345877993975188147e-01
-7.688678009455791607e-01 2.675215556148285989e-01
-2.196464990044577625e-01 5.139945400022362110e-01
-1.502334492303034619e-01 6.185613112746846110e-01
-2.208523484945537074e-01 5.089392910971038964e-01
4.917230905862712831e-03 3.443459377818031131e-01
6.937710273033377284e-01 1.469398091576044063e-01
-6.920815352042724022e-01 8.973764928327918611e-01
3.938277973942312382e-01 1.100253947915741382e-02
8.163024852149325383e-01 1.287500883688931230e-01
3.797355546469913801e-01 6.419206168166491366e-02
7.690653457536056337e-03 4.344038485822068196e-01
-6.420376563782830281e-01 4.948219705098692023e-01
1.972521049841742258e-01 3.907509469630932042e-01
3.446419775521560869e-01 8.803530693728811585e-02
6.339630609597257660e-02 3.264918162087739884e-01
-3.936603287196085432e-01 3.464924461130532984e-01
7.279708973001675076e-03 4.580520624985359168e-01
3.768482312151499869e-02 4.219583465040610548e-01
-3.022349423969723503e-01 9.662840110401148541e-01
-8.238461971348789437e-01 1.153116694963840505e-02
7.515193644020368158e-01 9.718737433804810477e-01
3.091532216399077715e-01 4.353660933846975611e-01
-4.172199248595711563e-01 4.117122378363535784e-02
8.003201006597542300e-01 1.076432199227961295e-01
-1.959958218961532772e-02 4.283574939250557323e-01
6.601552593780357636e-01 7.208167609240915263e-01
5.170098791460628895e-01 5.347627668221333064e-02
-2.134804469240880742e-02 5.340863769547701256e-01
-4.301906039903944379e-01 4.013854538976894260e-01
-2.227650705620496385e-01 2.703345092180815534e-01
1.612853395770257325e-01 1.692570350909977650e-01
-4.130067838437887495e-01 2.243211718081457029e-01
1.715257211074001642e-01 8.052670438178129997e-01
-5.025520544142310086e-01 9.088877022629660019e-02
8.334482303592676278e-01 2.335051249300226228e-01
-1.718288509607688308e-01 3.096614127479356826e-01
-4.169115121784607858e-01 2.073850463159395696e-01
1.823943732731563294e-01 7.874444416972605776e-01
7.937294916638146791e-01 1.644098436477967606e-01
-5.862514558019435995e-01 4.001651457862731576e-01
8.148538804119231926e-02 4.506095635413566169e-01
3.521970927694020315e-01 7.798592303159412875e-02
-1.539492177209254020e-01 3.965103128977367497e-01
-9.906217905182113093e-01 3.699842486077496995e-01
4.985846939832727642e-02 3.569001798631962208e-01
-1.537808155750024497e-01 7.846713495684132234e-02
3.531340457314970926e-01 2.011242010626981269e-01
-1.256537104342729805e-01 1.211543663019378769e-01
4.551637351945658772e-02 3.904079470200243485e-01
1.073693854286683624e-02 1.986900019320653188e-01
-1.640037681463115682e-01 3.993534303326757851e-01
6.597073018665080557e-01 5.523164135670665109e-01
-2.885723277410146004e-01 5.013156017479925008e-01
-1.325608653617023069e-01 5.986560565423708624e-01
-6.783903488594256181e-01 1.551609314231302550e-01
3.391081101930220054e-01 1.628359825745131495e-01
-3.625315742013244247e-01 2.583783093914582274e-02
-1.278452912505274597e-01 3.223702729852341298e-01
-8.256917643744488000e-01 1.307888317999466032e-01
-4.920840493746900801e-01 6.260559802787291073e-02
-3.198412212546553057e-01 6.524298680898787950e-02
6.776096243176408240e-01 1.550093559816304589e-01
4.867213094075035773e-01 5.485128293460650450e-02
2.071059289852117402e-02 8.569071674225405832e-01
2.434604831106599310e-01 4.210523790488226448e-01
7.162745274366160153e-01 2.002337132203300119e-01
-1.026152988992907744e-01 2.734749763960725444e-01
8.540304198849897332e-01 9.681979920941213846e-01
-2.431640982732208300e-01 7.628995069051071054e-01
-5.117392979988841795e-01 1.223769140482622308e-02
-7.393066976851991878e-01 4.063717616857401849e-01
-5.696127730449629389e-01 5.035040799927039679e-01
-7.254669155116078016e-03 6.819007367473026715e-01
2.536820685511249618e-01 1.036576568872635828e-01
5.258252719018834398e-01 8.819727461963431381e-01
-5.109529956864775624e-01 7.321284607587186244e-02
4.339873233028592736e-01 7.990228616682322205e-01
6.314215931765687628e-02 3.342981033967038496e-01
6.522647469703681811e-01 3.016772969519795344e-01
-5.288294565949680504e-02 9.094439747632059312e-01
-1.077281292491716336e-02 9.952458778404479345e-01
-1.771930588371593007e-01 8.935923770184832637e-01
7.793724504301757783e-01 5.635256367017181800e-01
5.223069008059488816e-02 3.407666249814103043e-01
-7.631733149232176050e-01 1.226888506620896768e-01
-5.724465446511270983e-01 3.139754531426869333e-01
-2.306155128760998263e-01 1.884329299733582541e-01
6.543423495940459134e-02 3.142039773068037167e-01
3.639562044121971152e-01 7.916339744869673734e-01
-4.888967788609765996e-02 2.261623617245600570e-01
6.482876788916585031e-01 3.715776521914726516e-02
-6.889413037759510861e-01 5.434705889094337827e-01
2.185020800298096422e-01 3.208381803918903818e-01
1.659222663867887526e-01 5.476823202803948742e-01
-1.630931125448347174e-01 3.628972152268372664e-02
5.253496026146664555e-01 8.696180996795022100e-02
3.817408937732327256e-01 1.568886447589923350e-01
-9.430221511503504850e-01 7.322848274511626343e-01
8.590009681977290867e-01 2.965858757965725845e-01
-5.490497489456156455e-01 8.627600728216090475e-01
-9.185966477956319931e-01 1.153620229538327990e-01
-2.733968203175487499e-01 3.705679444950562562e-01
5.967481333568271928e-01 9.759892823187232835e-03
-5.330626132848730325e-01 4.476647627496732618e-02
-3.153438412339728547e-01 4.307232028878071883e-02
3.649024718528413036e-01 8.557025790562373668e-01
4.090040044616305437e-01 2.756883275837640479e-02
3.652390995522620809e-01 6.934970798854941387e-01
3.708509588214343733e-01 4.951666841775616001e-01
2.576870097357712996e-01 5.550786896192183573e-01
7.429721417002508321e-01 1.713961225904770957e-01
-3.428592631513285305e-01 5.953759507192851741e-01
-6.490116810156840721e-01 6.883547253977549962e-01
-2.458439862533752240e-01 8.278503951543009221e-01
6.030413400474923247e-01 1.579408567216128434e-01
2.722514412055994093e-01 5.999372775667921598e-01
8.242759457957644642e-01 1.648589147550919565e-01
-2.389542648622275944e-01 1.895160041436649845e-01
-3.827287807374422091e-01 1.409329548897855222e-01
-5.039924471971457542e-02 1.732305591291511959e-01
2.533547846769117484e-01 1.531534895985268152e-01
-3.256118548988431449e-01 3.295809535134912593e-01
7.709117934117504234e-01 8.456754706165582336e-01
-8.911230692179661350e-01 8.200207666497240089e-01
-3.462837343443416760e-01 7.018819181543515251e-01
2.208822076736693951e-02 3.577553985915453705e-01
-6.802498767406106595e-01 1.806508324614884975e-01
2.702866994255259669e-02 2.103362452568762198e-01
9.979626367868044134e-02 3.894346829111706709e-01
-1.267190238488193899e-01 9.059644215857698413e-02
-2.227821224484700657e-01 1.546585534420384933e-01
-3.112273684830979548e-02 1.696855073816994075e-01
-2.913180848249006250e-01 2.366543318798806084e-01
3.403551808238880483e-02 2.484350860531091554e-01
-8.487159843849942931e-01 9.594968285470090175e-01
-9.025850387803671104e-01 9.848867804692537087e-01
-1.088507393445288240e-01 8.428504388920805557e-01
-1.833255501601924742e-01 6.593896547911587414e-01
-6.521977770180318323e-01 6.180190951393403909e-01
-1.157975328418412442e-01 9.349514355400160293e-01
1.238679479138604655e-02 1.935104566114393965e-01
4.432224134610007749e-01 8.198090108101866447e-01
3.035520854925619627e-01 5.697180175505169863e-01
3.711286624346099572e-02 3.196367209204595827e-01
9.375086350184855810e-01 6.348616805295479448e-01
-6.366899135219283856e-01 4.775721305675213468e-01
8.273363466960002022e-01 6.688590718432765314e-01
7.870161118399185973e-01 9.423321861841964520e-01
-1.046706492833642255e-01 9.771891973250532715e-01
-5.278895860825105757e-01 1.959259002696189800e-02
1.544369174910562581e-01 1.895052038560331997e-01
-6.284644458963912772e-01 6.800425771194665847e-01
3.514100727946816161e-01 1.119109534339787215e-01
7.824495121086536553e-01 8.616049753993269000e-01
5.098074362781801483e-02 3.137397489398654482e-01
-9.214491145357444069e-01 5.763970318984327212e-01
-2.412305496655247072e-01 5.668835301869845633e-01
-2.354269684059109302e-01 8.896303389130818529e-01
4.283583312594376746e-01 7.793606120137952509e-01
1.675592451079979117e-01 7.344265949477362110e-01
5.652602007973153153e-01 3.219632529225324724e-01
3.000617162944885230e-02 3.795817799975804707e-01
4.703314820123556395e-01 6.915574018180605798e-01
-8.512490827967702511e-01 1.736086461405953463e-01
-9.565159549895554392e-01 6.041768976732291296e-01
-3.951898538812717021e-01 5.378463634449760500e-01
-1.740919692230304960e-01 3.475765560192423109e-02
-9.015412936825752954e-01 5.936999261988198384e-01
5.549879862755631166e-01 3.109845603894515476e-01
-5.661529408902974403e-01 6.267842352158909947e-01
4.133684642592208025e-01 3.520808347486484857e-01
5.046466338780275507e-02 2.445401131587567889e-01
-3.300381904547620149e-01 8.790031778289468800e-01
-2.932554808224474563e-02 2.067367393725859648e-01
7.048099492145547540e-01 5.621569312196524892e-01
-3.065260105091227594e-02 7.850643987390870659e-02
9.865840548321840320e-01 3.256396408970646528e-01
3.591333850492439694e-02 6.448928756606643331e-01
-7.423555623190687403e-01 7.020791723077691726e-01
2.332331713999664657e-01 3.400457414665061240e-01
-6.738229261221362343e-01 2.138163474765044647e-01
-4.929701704261926221e-01 3.715163520990749646e-01
2.412136343600639332e-01 2.044352921481290553e-01
-8.232595747045379220e-02 1.552035113829060009e-01
6.703461190552073568e-02 5.783837536296791981e-01
6.765239108012215397e-01 6.377001562175443894e-02
4.839707117882430243e-01 5.782109858478040598e-01
6.039653407482734604e-01 6.353449706105857020e-01
2.055341668700552127e-01 3.487034216297865141e-01
-5.588708211292077177e-01 6.295639108994333100e-01
-5.080201783739699550e-01 6.600703115746667793e-01
3.515624395056085039e-01 5.467423068150245591e-02
-1.408988796359968987e-01 2.733228703290445649e-01
-3.804227431694866546e-01 2.200677792409712064e-01
-3.702659157477641294e-01 1.110489137475527688e-01
1.446552803184426583e-01 3.763908302535121653e-01
-8.122258976702505517e-01 7.891127298895128650e-02
-9.422154142355416706e-01 5.375229329606800999e-01
7.997940403593231107e-01 2.727669138380282021e-01
7.090690609329186600e-02 2.252351625477984065e-01
-4.535094062521813907e-01 6.853600482155011164e-01
-8.316423514952941964e-02 8.404796849544386994e-01
6.025904679184350687e-01 8.536221515909454549e-01
-9.432651179575415323e-01 9.081266856041999569e-01
4.303882616956500318e-01 7.254436360599525457e-02
8.072302608481947139e-01 4.662353584938985218e-01
6.654265509264567502e-01 1.488400712846410512e-01
6.323791443435851090e-01 4.191496512602570501e-01
5.367426489222872910e-01 3.303555437877101486e-01
6.106317906969260800e-01 1.890437646228610991e-01
-1.316246615102163453e-01 8.867729691022364635e-01
3.694191229008954025e-01 4.257160492908135252e-01
2.951006551486681229e-01 5.572269126125872774e-02
-4.334921830598930104e-01 9.464129712553472906e-01
1.437801530215949697e-01 4.276942240887960933e-01
1.741223697890597055e-01 3.465870673103287336e-01
-4.813489619882962423e-01 2.315392133278758591e-01
-5.290811954151335428e-01 9.883431834341516176e-02
5.455616135760728014e-01 5.528848972375488557e-02
-7.278189821324245745e-01 6.040289345216964811e-02
7.631507527264571600e-01 6.380444475327827769e-01
-4.182274774326872890e-01 5.919634668252804488e-02
1.592593571785601014e-01 2.566639050567721680e-01
9.150382921356969845e-01 6.617824033007408957e-01
-5.501934174010125744e-02 8.241999870241625281e-01
4.844924421130276659e-01 7.308199011194033146e-01
-1.781642686318463120e-02 6.371040159722908269e-01
5.841456634370378875e-01 3.479835296712474602e-03
2.579631651844387363e-01 1.991817259574504284e-01
9.732984494944223464e-01 9.622127910523704530e-01
-6.663546986993376109e-01 6.422658178372842031e-02
2.734810092232109469e-02 5.150274659660604160e-01
3.934601099922230283e-02 2.242941157873118430e-01
8.262396183197591171e-01 4.581367049434066363e-01
1.105270466103298599e-01 3.525029349079298324e-01
8.828440176894407632e-01 1.209585465910509861e-01
2.300795912879112226e-01 1.951859618739610891e-01
8.062868739562099041e-01 9.656892694573300240e-01
7.293411389115258547e-01 8.337952531772674369e-02
1.669720402721839303e-01 3.006987107346305033e-01
5.727990722050628758e-01 1.779212903989324523e-02
-1.603465465460827133e-01 4.012669527457601859e-02
-5.835678826055730184e-01 5.889100336949872894e-01
3.784595348547121763e-01 1.356221262240800973e-01
9.432257896243632089e-01 6.505813612528859036e-01
-6.958537365855157475e-01 9.022384003088819160e-01
6.557808576656145583e-01 6.533548904497684662e-01
5.139976833319404026e-01 5.337391374613740247e-01
2.008329978480811739e-01 3.409062837294141168e-03
7.335997469797554960e-01 8.703408002105496033e-01
-8.457080897623316940e-01 3.486652054999641592e-01
-3.191358426388275493e-01 1.658663166760878660e-01
-8.500036171426446074e-01 3.219969461587885995e-01
2.703715580806815844e-01 7.665318708298657358e-01
-1.696934927698512396e-03 6.141252330780079260e-01
5.442537696388636270e-01 5.460342936847952799e-01
-1.366981912314533254e-01 6.247777735862825033e-02
1.916156553491841219e-01 5.707979357404275866e-01
3.760622366321051402e-01 6.066065578526147473e-02
5.986291652554383003e-01 9.736682865009093080e-01
2.618773307590183119e-01 7.028544971084378368e-01
-3.329335300735363212e-01 4.787492147955390021e-01
-7.795461329963178088e-01 9.263526031594748744e-02
6.120780777298389097e-01 9.290470410125567513e-01
8.375102377284528998e-01 5.480518745758592436e-01
1.309921348716458489e-02 8.101867235648396726e-01
8.944685479607954459e-01 2.114091425681698944e-01
-3.000489403936557053e-02 5.307718353329071714e-02
7.067669992571163906e-01 4.040262540669865565e-01
6.758195849586330350e-01 4.177858983457372055e-02
-5.175209652315631015e-01 4.460306076759845695e-02
1.288411633911890064e-02 3.678786732605461296e-01
6.387995312067011877e-01 9.451297223734258512e-01
1.730903691340748285e-01 8.063458670161394171e-02
-2.315734314579851461e-01 6.519601281007071369e-01
6.143402364406340688e-01 4.713127481428699417e-01
4.060100150111045636e-03 5.366488236394155731e-01
-8.272605362782239347e-01 8.299583853676143486e-01
8.414618911335836060e-02 1.869794537204172435e-01
-6.536452723288439515e-01 1.861467667343037480e-01
3.634302140116030255e-01 9.636848512616904561e-01
-1.116404877338119661e-01 9.491765976470500910e-02
7.140950436612834018e-01 7.030549478848855394e-01
2.152746036660246887e-02 4.262067907118585186e-01
-8.507845845520081163e-01 2.305727393051681950e-03
9.203898171940541051e-01 8.601017192730131544e-02
-7.724074429563621003e-02 1.268573101646859325e-01
-6.326597325673517513e-01 5.436127850568286402e-01
-2.654111493398771948e-01 1.953012222990866409e-01
-3.984005680342161959e-01 1.620290365467135230e-01
-9.465574028090981695e-01 6.781837779995092408e-01
1.587106278723604547e-02 6.440533926304180534e-01
-1.568649792681522381e-01 3.274623508307958897e-01
7.219924811615474614e-01 1.227035174949909768e-01
-1.411614736384589897e-01 3.458076003600308868e-01
-3.122683250774538344e-01 3.378942382529529498e-01
-7.514484915388186526e-01 5.881655188841529158e-01
-2.045230885933377873e-01 1.449959208800812860e-01
7.762866990308860959e-01 4.882084137229597554e-01
5.776899551059657689e-01 5.724759679050239747e-01
-6.771020395290814342e-01 9.237757444886454117e-01
-3.629651111340792546e-02 5.024341604315480936e-01
-6.641187045445693382e-01 9.941806426752646253e-01
-4.401914010957772572e-01 7.225620302069657441e-02
7.674512598746370262e-01 3.082464198937155953e-01
2.550377677881243699e-01 3.340308309696441436e-01
-9.270223252501721412e-01 9.015489635168525417e-01
8.322842850118394864e-01 6.689341429963260310e-01
4.984495420755035155e-01 1.148156499872688974e-01
4.283420754824269761e-01 3.360235962070257099e-02
2.993859800324050191e-02 2.798789018214835611e-01
-3.041999580571932427e-01 1.070703898171410096e-01
2.731337678996521579e-01 1.938455107798153776e-02
1.331944662426873816e-01 1.192931582584372263e-01
-3.141650061675378414e-01 8.756186991499479433e-01
-2.935026937135130076e-01 8.728702604542351029e-01
7.516685946227652515e-02 2.455595625611081134e-01
5.140489671044483622e-01 8.699338632272545224e-01
-8.456865338952732625e-01 5.291196264229568458e-01
-5.032034857930038907e-01 4.341446941200913789e-01
-8.762082082597864030e-01 7.477614555712249755e-01
-8.875824214257344025e-02 1.863996303773234331e-01
7.518482551417782211e-02 3.510745958632406349e-01
-5.670528352249222248e-01 6.006101242140329255e-01
7.813549466940050703e-01 7.128484536757984102e-02
-7.386471407218264673e-02 9.623474627978001461e-01
1.056536617939505263e-01 3.283774491774636983e-01
7.309107050001095729e-03 2.334933897387351243e-01
-3.029151722684673143e-01 2.806748979902822239e-01
-9.261369714425351507e-01 4.208860515865250340e-01
2.691440959139381750e-01 7.898587804869188211e-01
2.969916489622750344e-01 3.265193426646021413e-01
-7.930818017749143856e-01 2.780385260548046134e-02
4.582380498763982679e-02 8.491228270275708034e-02
2.214711878978963266e-01 2.293773928217570646e-01
-6.827973311115240751e-01 1.172097404711260893e-01
-4.322432822078448034e-02 2.163996794989645478e-01
8.665162218277695505e-01 5.602735191061469777e-02
-7.602730190341684402e-01 5.730906703357653287e-01
-3.341802062022474207e-01 2.484838969852045665e-01
1.038501638070576938e-02 4.207394047781899404e-01
-5.530473119406507099e-01 6.356973134265846426e-01
3.678424960309669700e-01 5.440897850135095748e-02
4.588240206436540181e-01 6.683738973693775787e-02
1.078608393334208326e-01 5.733075778258556188e-02
3.462614840300826113e-01 1.883250376444115526e-01
-9.966378764552894509e-01 5.897851107978132612e-01
1.346852690652806661e-01 8.119736239443883230e-01
-5.353233646880632968e-01 5.135077190482497667e-01
-3.554859475605880448e-01 2.621263438429983772e-01
-8.915843431975700728e-01 8.893775921553918051e-01
-9.657984834853972078e-01 3.506310891028669996e-01
-2.780190153317319002e-03 2.047026947760767213e-01
-8.248153906098565358e-03 1.358143944032315087e-01
-4.649363148070997376e-01 1.213663732472757273e-01
-6.865221374157817191e-01 7.319940090770111762e-01
-6.947151136598508359e-01 5.409593587541200455e-01
-3.385430626564489565e-02 8.673250723639637227e-01
-1.711327885933759951e-01 2.280152141513140940e-01
7.157751276469448420e-01 2.774127716054620718e-01
-3.640412164165502951e-01 4.578408040079940955e-01
7.687093125964792328e-01 4.461617238052673073e-02
-2.861549323518541854e-02 1.806591108961518310e-01
1.795115249417134073e-02 3.732776268333253267e-01
5.800567667879761302e-01 4.575144691453044699e-01
5.336045860013844955e-01 5.397047834614548956e-01
-4.745481437821794657e-01 4.919578825101955655e-01
1.966135813150677869e-01 8.620289195251821246e-01
7.603507110244842604e-01 9.481976944647911854e-01
8.523121606438259779e-01 6.121633079266738386e-01
1.198969843000485813e-01 3.621703511184846125e-01
4.088042752007661207e-01 1.158286936903688558e-01
-9.173269925815143999e-01 7.890441883212144791e-01
6.666405404778767974e-01 6.230596485049577637e-01
2.759668964885086950e-01 3.163136984516371486e-01
3.078968062491971303e-02 3.991627712508839521e-01
1.610908157614914238e-01 3.770077860336167319e-01
5.192543174544288487e-01 2.817393946897100987e-01
1.126384811034046862e-01 1.242197063374120836e-01
5.778227358241405653e-02 3.765991949654882154e-01
5.838156891043038144e-01 6.049748772605867408e-02
1.577179094364407064e-01 7.960178037703158349e-02
8.174932325493828866e-01 3.537697725008169813e-01
-4.255271647403964241e-01 8.375594469517606555e-01
6.693690600322961259e-01 3.224315210249495411e-01
-8.447164017267239089e-01 9.751758097414834348e-01
7.479819436613495132e-01 9.472110802039455102e-01
-4.373464818142742683e-01 7.234977196548986189e-02
3.081978546848529454e-01 1.933581668819176480e-01
-8.972203639053948354e-01 9.014656972732191242e-01
4.087261823281718165e-02 2.553325879982720759e-01
-5.260107159612907868e-01 9.124950225194233822e-01
9.974852645827159137e-02 1.284741226854843044e-01
-4.110776256049453181e-02 1.534996992702837293e-01
9.149610051545398193e-02 3.519962745875708787e-01
7.746571769913088712e-01 9.247659949483243436e-01
7.726500883918367979e-01 3.249296553683697075e-01
9.015080776758379599e-01 5.448959014272427570e-01
-2.683274335148215783e-01 1.708301683831445761e-01
5.756418866557733161e-01 7.470076002214817157e-01
-7.781982891536067815e-01 5.354131809008874088e-01
2.079173580025872603e-02 3.584643336924034918e-01
-2.340932066829461977e-01 8.807614841703890196e-01
2.210981720471860701e-01 9.874252649344483768e-02
4.043237752179034139e-01 3.813815196647305505e-01
1.947815599339763892e-03 5.905010080375868720e-01
-2.921731571948400497e-01 3.484553891687383054e-01
1.973618579122431438e-01 6.787274499189318577e-01
-2.398635175764263217e-02 3.512204962321948676e-01
-1.108267838366612246e-01 1.972682405441501530e-01
-2.113463265474790909e-01 2.469117749119353888e-01
-9.030431503239273461e-01 3.767738458622404973e-02
-2.216746152027675443e-01 2.722787745649470903e-01
3.732035188948292781e-01 1.288147819135879724e-01
-9.770787606360820110e-01 8.740880852129214729e-01
1.379287281942920274e-03 4.383631485722059296e-01
4.849203951348051156e-01 6.502951603814468573e-01
1.621119162364270672e-02 4.633964650177891942e-01
3.175009005376905336e-02 4.052213152424520848e-01
-2.674279154126122382e-01 7.935971460205222261e-01
-5.074873733835860712e-01 5.281815222680704691e-01
-1.159788291355523526e-02 5.810197454163682496e-01
-2.952095162207004631e-01 1.113099349312151043e-01
2.380151666579886083e-01 3.311182217112368376e-01
-8.731171884544677297e-01 2.401371312475032438e-01
-1.543136132624463031e-01 1.705054544907477210e-01
3.493107676427720243e-02 8.393266819383639055e-01
9.797696173389704999e-01 8.804820791191491081e-01
-6.672266342431867336e-01 9.863554767642704890e-01
-5.129936541150079687e-01 1.088910481742825231e-01
2.923299644872545677e-01 8.955587476314590401e-01
-3.726543064011214046e-01 5.338189744359311817e-01
2.544096576360534989e-01 2.616585326601098549e-01
-2.218940488425715785e-01 2.952112664757033933e-02
-1.045663728131196457e-02 4.935447227394672565e-01
-7.749680497892552644e-02 3.118332888427499672e-01
-6.702343943225130829e-01 2.439852507970090567e-01
1.871059585406555925e-01 1.348253718447012250e-01
3.125291260673668248e-02 3.476912716625157884e-01
8.777572163844338249e-01 2.910405042357124827e-01
6.235472239969990227e-01 1.961564683157475120e-01
-3.549219661863574071e-01 1.756468291842908647e-01
-6.870066507511325415e-01 5.640747375956305376e-01
2.845248580546282380e-01 2.532461486187287392e-02
-1.579023853508816355e-01 7.085101323099096682e-02
-2.183489056852245813e-01 2.111883476706670759e-01
-6.599185536145579789e-01 3.343607433760679148e-01
-1.985718264355302853e-01 8.573601257479176452e-01
3.226991992527405984e-02 1.492456237747465941e-01
6.425762804190313648e-01 1.109556294355977801e-01
4.590853977790945173e-01 7.243035629654787089e-01
8.981400947956996728e-01 1.637774928210405934e-01
6.687983040378466804e-01 3.393927867254497022e-01
-9.430190516934744416e-02 3.189261823942439733e-01
4.585924057517551944e-01 2.742669574056433301e-02
-2.360996452149979330e-01 1.920143750200898891e-01
-6.597969757154369397e-01 1.671515488604394806e-01
7.552852615432481542e-02 6.919160826418820909e-01
-8.621497702107050465e-02 1.433279455716108819e-01
8.177460992731138134e-01 6.564066924063906017e-01
-9.653125039088426007e-01 7.473304794636043136e-01
-1.277373788646647412e-01 2.038235896476625619e-01
6.809553430567119037e-01 3.435753798370653200e-01
-5.330194686974709661e-01 5.036580137588401174e-01
8.713161290385391666e-01 2.856140194141179034e-01
-3.686606409039647758e-01 7.914035081248288472e-01
-8.635596174381343637e-02 5.956237426349975106e-02
-3.199452758781016204e-01 9.223443322299879066e-01
-6.539856556254517450e-01 1.085492127630039993e-01
1.904962064837678604e-02 9.035761529677216464e-01
-7.291890762383010927e-01 1.569232958933841626e-02
-2.132257951826570519e-01 1.641756817146645675e-01
8.866204728840942906e-02 3.293145495680225299e-01
-8.204625752078165135e-01 8.973946647423171052e-01
3.588606814833346093e-01 5.775544017150302523e-06
-5.716377659128242250e-01 3.132363511417350921e-01
-2.314998122779243772e-03 7.814992862706990895e-01
2.589176251563951592e-01 1.468758055009583563e-01
1.622329341801176383e-02 5.936528022127117721e-01
-1.986153634976768334e-01 2.633954775089635270e-01
-8.060200033983291323e-01 3.309800362810575436e-01
-1.905524245522671745e-01 5.557757190338836750e-01
4.273099089541108064e-01 8.499275731648681109e-02
-5.288462660154868988e-01 8.201391905828611106e-01
4.345647905243896769e-01 2.578098900349445888e-02
3.307269498334468594e-01 4.099002636053520332e-01
8.503054031128216561e-01 3.974717810307395460e-01
1.106269652790747848e-02 4.773626286416929876e-01
1.868402640074289245e-01 9.685162662118379506e-01
-2.226294971305704529e-01 7.772665779295420130e-01
-3.934883773366397719e-01 7.767942926067726850e-01
4.327788280902411522e-02 8.166053835113286086e-01
-2.269082909142696725e-01 3.946208223712808216e-01
2.038536321506831950e-01 3.179449521588185723e-01
-1.504456579077257938e-01 3.610368446969428602e-01
-6.752569175012901326e-02 9.328919016884706927e-02
5.855788082953989893e-01 9.829070083462410068e-02
-7.942541320575597918e-01 5.142972101851843725e-01
7.705217445257495079e-01 4.627528513994787485e-01
8.274241335821763688e-01 1.252983386523551790e-01
5.162435483685670068e-01 3.481970931757016885e-02
-8.594349568222297009e-01 5.035554320102020309e-02
-4.625207760141039071e-01 7.674437487963003957e-01
-2.150366957653324640e-01 1.401727490928964537e-01
9.581606711487760109e-01 3.595282871081864062e-01
-2.266152716729623595e-01 6.385760728725806690e-01
1.724851403642644332e-01 5.325846806320607696e-01
-5.155814579866486724e-01 4.425800195717988217e-02
-4.354159869611375910e-01 7.345200036794508058e-03
-3.327519253093311757e-01 3.530149527807322496e-01
-6.513323175533458631e-01 3.713807939095775668e-01
-2.912346106350138797e-01 8.952461750939376683e-01
1.211345981323466159e-01 3.184682188515721712e-01
4.762307898409257056e-02 3.878092904850776179e-01
-9.837795207063633196e-01 7.668048858517950706e-01
-5.859584064931255831e-02 3.926456969288518728e-01
-8.982333787838303607e-03 3.151702153668239914e-01
7.322899396874176237e-01 2.798397275536933515e-01
8.796066860634719209e-01 2.035364286563867697e-01
1.139458504522490312e-01 3.882317925262332992e-01
-6.427034622688096999e-01 7.673467397411030122e-01
-2.817393196795530130e-01 7.854627266713570810e-01
7.790503217125555047e-01 1.482771592874536637e-01
2.265453841679607727e-01 8.305049817283430835e-01
2.820589020250952039e-02 8.519619064977899114e-01
-2.337845420137776298e-01 2.671064160811463806e-01
1.244556460287484789e-01 6.997247303936854346e-01
1.798543844305797723e-01 1.596123966654572346e-02
-5.471681776594858881e-01 3.150570826114984513e-02
2.668613841170517365e-01 2.002115329364120289e-01
3.219611052608450930e-01 1.568877797761485393e-01
-5.791025227213935089e-01 3.520469586622057001e-01
9.926982751286295148e-02 1.170993700409167504e-01
6.540432372981597187e-01 7.571988260717754660e-01
-2.592290659909444184e-01 1.691912085441280578e-01
2.066326246374128317e-02 7.354876897537853120e-01
-3.381125106137135017e-01 5.226341509753928971e-02
6.140276469294303485e-01 9.756639805650061392e-01
7.907660209813338614e-01 2.911840151620482819e-01
-5.522383498127347856e-01 1.049585744674184085e-01
2.726688876624172586e-02 3.902487793113389447e-01
-7.926849751628946006e-01 7.165642678675162580e-01
-9.718009188032630252e-01 5.138379748658369328e-01
-2.293158333604565779e-01 3.594754653657086241e-01
-6.378157707091025586e-02 1.471266728155171677e-01
-7.423139242751284339e-01 1.783576353799034564e-01
7.693177902070393870e-01 6.729950477285303601e-01
-9.337592313831031277e-01 3.598209403101119142e-01
6.315270410872133588e-01 7.476200163597382931e-01
-3.245589120703860075e-01 6.355790234759245427e-01
-2.304305872984229175e-01 1.841827484666546111e-01
5.331276382797354163e-01 6.425128196923107771e-01
5.507145782318176863e-01 2.734300848840360842e-01
-7.098647303572904743e-01 9.494522685180183386e-01
-1.596137542011932808e-01 1.442708040286987403e-01
2.525555903359655296e-02 3.969781301625323611e-01
7.902857412796675529e-01 2.995421641525303214e-01
6.588955290675926335e-01 1.899417359038018116e-01
-1.720654193354633765e-01 5.021299705308702732e-01
-1.672014648888393573e-01 8.479701923960953902e-01
-7.109811431741444032e-01 9.590922987530031696e-01
-7.649821895383270842e-01 9.040412121985121896e-01
-3.211000997878128427e-01 3.188865847687377686e-01
-5.817403432736982793e-01 2.851985986911806936e-01
-9.975307648449367459e-01 7.871488820618909310e-01
-1.345784177689131056e-01 3.629042051806701252e-01
7.825070962042901535e-02 5.802751844491530475e-01
-8.180089188657120314e-01 7.825041971397272977e-01
8.825474613512680477e-01 4.171932615766208441e-01
1.704179069747580044e-01 2.110197383705888496e-01
-7.631845055530648292e-01 7.289254517021608315e-01
6.627358588969523012e-02 3.097658973002413996e-01
7.045675188097808572e-01 1.625580032255394825e-01
2.010215336432230604e-01 1.592119269911387303e-01
3.369010731277644055e-02 5.709139922817632051e-01
-2.876619380988643115e-02 3.100265382433903261e-01
-5.670209546771864950e-02 8.628080315288622071e-02
-4.176988033820461244e-01 7.793892077834607690e-02
8.268730744552557077e-01 9.373454189293666250e-01
-9.594600982611638518e-01 4.994706133624948752e-01
9.058259656572917873e-01 4.672680448152377597e-01
-2.074996689736257061e-01 8.140715406139669152e-01
-3.111814389986977680e-02 1.516716660154773244e-01
-1.727520659529213631e-01 1.806454324957664781e-01
-4.829300821787094744e-01 2.881211166066486307e-01
9.429371303362232837e-02 2.351134619510144574e-01
-4.167043241327150760e-02 3.909048924902222000e-01
-6.802603920709955343e-01 6.122027282359590039e-01
5.481447804067813845e-01 4.879931613342343155e-01
-3.278664855797193134e-01 8.576225740147279675e-01
-6.642810835735253328e-01 5.773651747152667157e-01
2.139465287119972636e-01 3.900574957721032465e-01
8.259885955860186701e-01 4.703687754580136993e-01
-3.363951881021445267e-01 1.306443418981958482e-01
-4.370643823261299854e-01 4.906625414391471152e-01
-1.126288959574583970e-02 4.865903134787352702e-01
1.727686456848955832e-01 3.272420458686982059e-01
-9.341407871207427771e-01 2.446424229253841842e-01
-7.663345704728086183e-01 4.758083233947385526e-02
-3.787189492612030861e-03 2.044583071905020644e-01
1.181392590238992124e-01 2.770221096534428717e-01
-4.807717691552153561e-01 2.021783301486933526e-01
-2.809779421467639704e-01 3.359366203270952589e-02
-4.796322630976446177e-02 3.958367462638403556e-01
3.053134554453149629e-01 1.717925383371192716e-01
5.492841562312023029e-02 3.094172821647631633e-01
-3.666913129736417698e-01 7.053225692196016805e-01
4.905317840443090827e-01 5.531217729132956729e-01
6.510577411520039881e-01 8.830225951570336296e-01
-3.619394844886043572e-01 9.822770351278369283e-01
1.584323806256926481e-02 2.949998324522973281e-01
-3.421396264566543000e-01 7.222189781045385004e-01
3.007301205713595049e-01 9.998987263857845864e-01
-4.528835417839487398e-01 6.571640453378768676e-03
4.619356941132264360e-01 6.785181476429743563e-01
-2.836202865941082063e-01 5.874733202066430016e-01
5.869772505451638089e-01 2.040334364678242363e-01
5.423227052226820000e-02 7.030379190886929530e-01
-7.579191645102794084e-01 3.299334947953261876e-01
5.578778711259748668e-01 3.531566344571942517e-01
7.890193020886775432e-01 2.042443995014388003e-01
3.285070394795086557e-03 2.610342729274869322e-01
2.362831124680615513e-01 6.465268154483582164e-01
6.850762761915918375e-02 4.297132630586749658e-01
-3.353717591755498439e-01 4.940382689987925513e-01
3.102273761280063269e-01 8.053403904066845920e-01
-3.307336832651088798e-01 4.561655178914029163e-01
9.372316558369413464e-01 8.427424119663106117e-01
-8.097837266245462295e-01 5.512244586273573610e-01
-1.966867826626412796e-01 2.649500593983619146e-01
-2.546914748306672305e-01 1.774529618619035132e-01
5.922554082788085150e-01 9.443954963319486362e-01
1.562510665641885232e-01 3.851839205869077576e-01
4.396293662992447615e-01 1.194437559298695550e-01
1.903953133635534201e-01 1.657190959819352383e-01
4.321253291358646553e-01 1.067840607481782556e-01
5.863698776424193237e-01 1.864866773882611906e-02
1.514650457164590236e-03 1.994996631231346074e-01
8.012219348132694208e-01 1.953519580447682369e-02
-8.450719757847791058e-02 1.188012230152198923e-01
-2.705739983525909942e-01 1.962397912233664332e-01
4.205905482339298285e-01 4.907034223186168553e-03
-9.702915495968893467e-01 1.053383450643593511e-01
-1.090555390750715947e-01 1.370167791362253418e-01
8.531929517111545014e-01 8.710535855140493222e-01
-2.741181344046639268e-02 1.427445798288083934e-01
7.264784339863661344e-03 5.171445998751115214e-01
-6.462678970508730636e-01 3.838007577028523798e-01
-7.071710403490369945e-01 6.913502739670047692e-01
8.456497009927543829e-02 3.620816968799754898e-01
7.655206887119287984e-01 3.013886816489590448e-01
7.879253809728599123e-01 4.741809376018176758e-01
1.870172275857764355e-01 6.868215930658194690e-02
7.408144813887826974e-01 7.444281545839759318e-02
1.583988516082466269e-01 7.946292924771797272e-01
-2.217509462921882779e-01 2.091204704108565737e-01
4.284637984695915947e-03 7.142760023752100507e-01
9.321924557289438251e-01 9.596953822080428465e-01
8.326391802028825229e-01 6.257400214447309539e-01
-2.079459364202040916e-02 4.350460146037705700e-01
-9.796546594932291629e-01 4.573743532195289063e-01
-1.539352422766731010e-01 2.656910841664248402e-01
4.216700134890181140e-01 1.566926901894813984e-01
-2.146982725744628340e-02 2.008640703731752186e-01
1.894370013719433032e-01 3.344734152677170114e-01
-7.279252380384619858e-01 3.133824869023164039e-01
8.725066258811149389e-01 4.144515083280364554e-02
-2.977130757820489748e-02 1.795409403726978548e-01
-9.067761087441783552e-01 4.095205016942877752e-01
9.181139921687342387e-02 4.826617143967794066e-01
3.276427958919374550e-01 1.438249343565409788e-01
9.079310981191486274e-01 3.825909837895171695e-01
4.494696773705775250e-02 5.892021298927313522e-01
-1.232564056309315426e-02 3.153684587746838908e-01
3.734746337488683565e-01 1.469979464688055959e-01
-9.489105796958661188e-01 5.780097149515011079e-01
1.292771074230292250e-01 5.167334032682783240e-01
-2.268505337091439866e-01 2.527322759692026688e-01
7.492958297679250812e-01 8.699483028856728195e-01
2.121265890374357532e-02 1.043860795417765885e-01
1.306953284153586914e-01 7.631450020822341251e-01
2.927656536022140710e-01 9.474295430054610057e-01
5.193698219073983324e-02 5.212414209226012840e-01
-7.421921828438604596e-01 4.138313749537559927e-01
-6.513039179418655955e-02 3.143270769680439614e-01
1.128049393988577176e-01 8.871224136348642153e-01
1.643137118745676695e-01 2.826531738487357837e-01
9.125706134281097448e-01 8.743147541580653659e-01
-2.295947872697379211e-03 6.012106911025826284e-01
-3.982597343417852986e-01 5.356411217414879244e-01
-4.403379051113889275e-01 7.889938648799623699e-01
-5.274724109801454119e-02 4.114389821871132780e-01
-6.430832685954279704e-02 9.770437762661036141e-01
-7.729126036178957104e-01 9.477512190534059799e-01
-8.804078330252047557e-01 5.926619109507511585e-01
1.772827796726106353e-01 3.770593266662115584e-01
4.414582849595283243e-02 3.304467410974758490e-01
-1.122529541594190494e-01 1.190227730232596981e-01
4.508367191438011901e-01 3.598559782831599607e-01
2.728321755519758085e-02 3.462947128455885482e-01
-1.101392666077227744e-01 2.520489820897917621e-01
-2.433971170231963299e-02 5.732415084553843521e-01
-3.862389159450496656e-01 1.861619299505140601e-01
-1.015422397350747019e-01 6.780940136210689140e-02
-9.959733067328297995e-01 9.316539436909108129e-01
9.116133850833911811e-01 3.131208147191881785e-01
4.354895725822378605e-01 5.460624874644198767e-01
1.443664982213208603e-01 2.993628507983818743e-01
-4.591374787608379915e-01 9.756961897620026747e-01
-9.245894475489655484e-01 7.797317830248506887e-03
1.368493049996821753e-01 3.110528481624807995e-01
6.762784353743576116e-01 4.931727774046001933e-01
4.525683478886701749e-01 6.778980431254800765e-01
2.046875848455393943e-01 2.534283781599158125e-01
-2.979103101883553428e-01 5.858622543767617596e-01
-7.180041745356668947e-02 3.551684670896786411e-01
8.569489309270399424e-01 5.120554957295937459e-01
4.575525234280635178e-01 3.623356957844015014e-02
-4.631221385094179688e-01 6.166530407465320440e-01
-1.603810839034101043e-01 7.677631849309641821e-01
8.539170280853269901e-01 5.821308164861295209e-01
4.642449407359583446e-02 2.605819806527068794e-01
-4.899572188077812029e-01 8.750764981518996954e-01
-1.229352217088433008e-01 6.323056979219526808e-01
2.254677217223133301e-01 8.897887070274470567e-01
-1.308650131281450246e-01 8.006405080924603457e-01
-1.074939543073898385e-01 4.611380029776858125e-01
-3.735450915859095389e-02 3.123683668924381873e-01
9.273881458606350048e-01 5.331141846684687158e-01
-4.323434936905070636e-01 9.579470506626064363e-02
5.641343852591629293e-02 8.156912553221782325e-01
8.265347704942260787e-01 4.184346539032919310e-01
2.124594423346493066e-02 8.588569028127859273e-01
-7.494485593351885022e-02 3.036551510380844920e-01
-2.215285899082752863e-02 3.310739371013231569e-01
-8.638846495249787871e-01 2.142332231499668449e-01
3.953869692351341669e-03 2.938378876091086722e-01
6.346283381634010290e-02 2.570940397111149966e-01
3.690791230879872931e-01 7.572137244226921915e-01
-2.606724613165729565e-01 9.195655022854616334e-01
-2.959523036472053725e-01 6.132427190306023457e-01
-3.565007133253739191e-02 7.843332555821330709e-01
-6.921712774956054748e-01 7.813798007895922382e-01
5.715757830259078354e-01 3.274222124965971981e-01
-2.318157079123830400e-01 4.220772876145159058e-01
-5.788015617493644793e-01 6.856467512831043720e-02
4.925899934652511192e-01 3.149755663612697765e-01
5.169929526458716396e-01 7.061534640792244133e-01
8.709391602215976746e-02 1.811735631529330925e-01
1.274702357667361063e-01 7.090369058545561431e-01
-6.316138398246384789e-01 6.208328013495316711e-01
1.643918434937683415e-01 7.135917890877075953e-01
-6.941383527176658852e-01 4.393773661410277365e-01
-1.807074600069340509e-01 7.844274828049468962e-02
-6.698935081360071209e-01 3.355306699472446752e-01
-7.362678299383464964e-01 3.921123615622638114e-01
6.154332321174846854e-01 1.442866610631354796e-02
-8.206021670572378746e-01 9.491365872352894861e-01
8.666602520452448832e-01 1.441520272295160332e-02
1.294128613385847615e-02 4.028644116531584496e-01
9.273414680784843878e-01 3.388695483777810491e-01
-1.498323353061090657e-01 8.695935090671552681e-01
-3.405337416609124368e-01 1.198592638871739391e-01
-5.273690835520568054e-01 7.612527432475826306e-01
1.346801330552926945e-01 1.434071760283066599e-01
-5.916903568307774197e-01 5.635747325410234154e-02
-5.790077402429549824e-01 4.207846756639049834e-01
-5.852298376206375163e-01 3.022830040602155766e-01
2.947911666087192906e-01 2.931150948879164275e-01
6.278298354652260826e-01 7.783299760430925085e-01
-1.901151459174916791e-01 3.844918076356068637e-01
-4.468658707973891531e-01 5.593151458717788849e-01
4.037427292391204681e-01 1.787861761835252139e-01
5.645179857425095538e-01 1.418982476460760589e-01
-4.680757329656293209e-02 2.792177725694359181e-01
5.416461590490517786e-02 1.913911914285352234e-01
-4.287567013848976316e-01 3.057289360189237026e-01
-6.877866038558866357e-02 1.036418788125443857e-01
-5.131933511104636025e-02 9.079073695928459031e-01
3.258734860159999691e-01 6.286947064835560761e-01
4.313486204837821969e-01 9.827303628530570379e-02
5.373301465029816093e-01 4.211019728461451450e-02
1.030744649825381387e-01 2.925976518354221900e-01
9.164573137947527037e-01 8.185504376174683738e-01
-4.830092088951007945e-01 2.470964265755692946e-02
8.865193392820176488e-01 5.610298506181987666e-01
-9.061932189013417460e-01 8.412736191978119615e-01
2.073012462805372547e-01 8.651715577714044203e-01
-5.691687340472977308e-01 3.762883494564353004e-01
-5.236140251721477235e-01 1.894314454057698383e-01
-8.909708887174268011e-01 4.846666463122174529e-01
-8.389621135037717004e-01 5.011627765455006767e-02
3.369867981573317905e-01 8.321276089627384076e-01
2.288306225425509322e-01 2.078338696176333933e-01
7.920328755369934193e-01 5.710162372269423914e-01
9.330840166655320900e-01 5.580064484205498054e-01
-3.978580342266555547e-01 6.285997555722860897e-01
-6.108416987836053913e-01 2.448821034395046725e-01
