1.965664685976253878e-03 9.174886587889435896e-01
6.357787243493895346e-03 3.985943417596825578e-01
1.833598711610640031e-02 8.593675870719031940e-01
-7.410930581853270027e-03 8.128038982335255014e-01
4.608936815001001275e-01 4.395729883555875572e-01
-7.071054322578307350e-01 7.824024921807045674e-01
1.092218565097535787e-02 5.822444108889898162e-01
-9.876464281326906569e-01 8.343140860693549765e-01
8.944757215922909399e-01 8.535332012089713594e-01
7.124317636876487114e-03 9.382513449789692261e-01
-7.373533467266215613e-01 7.453668800836074082e-01
-9.078932744926548892e-03 5.290326187894237586e-01
-8.681161694507721904e-03 5.981818268422868234e-01
1.014680370945697518e-02 6.566355869412899837e-01
-8.526470108064627684e-01 9.446950046429425374e-02
-1.631901350982989385e-02 8.441869696405870371e-01
8.337392374142975626e-01 1.651773838662325966e-01
9.180763507284250835e-03 3.721792433484433227e-01
-5.271926539481164298e-03 5.427742943152028543e-01
-4.009472428076912287e-01 3.353703743994261854e-01
-2.738547705692189194e-01 1.000977447121438324e-01
3.589971130402744848e-01 5.441988351943124469e-01
-2.391050646120440604e-03 3.221081297597409021e-01
-3.082263414436468008e-01 5.738548601646652481e-01
-1.058159302238514954e-02 5.688664544332873163e-01
-8.557532960977942693e-03 7.510684693154928704e-01
3.812833683044802857e-01 4.088380646404768948e-01
4.280281352803494421e-02 2.893126889545510894e-01
-1.354852779037640786e-02 7.679673200037846481e-01
1.673981209878938614e-03 5.665839301642784376e-01
-1.419358258461711486e-02 6.046937247546926297e-01
6.356559820143143913e-01 5.956120982904478112e-01
-2.938314483511561548e-03 3.485712788562873587e-01
-7.690570152034332807e-01 6.900839383658722292e-01
4.695864187561133996e-01 7.252601046312902033e-01
6.321230520058298552e-01 9.373177773981016259e-01
3.148200068935866902e-01 2.455461985230469324e-01
2.085654171590691774e-01 2.391931143647293423e-01
2.085536814409483242e-03 7.898531235671432116e-01
3.965970531094598073e-03 5.466824418634113059e-01
-8.009481197349455073e-03 4.146165820174192440e-01
-1.689476413805846011e-01 3.437584406039180251e-01
3.567072891454969863e-04 3.628431494748378672e-01
-7.088844761838686281e-03 9.776993898644036340e-01
7.687230952613699486e-03 9.419726746076960699e-01
-7.234731862373318112e-01 6.561297985216933970e-01
1.204896950163325542e-02 3.851639402800131062e-01
-4.021992091433279626e-03 6.085594092392722088e-01
1.870856477963700470e-03 4.320686440042257326e-01
-6.752732276498640829e-03 6.239363944519694671e-01
-7.688138179211101431e-03 6.266177092597330356e-01
1.018618967194728775e-02 9.513928892212957233e-01
4.102704841858004770e-01 4.794091240816389377e-01
5.745300054388267075e-01 9.481588852941982282e-01
-2.985690942818852722e-01 4.163583829467767394e-01
-5.098705185372907067e-01 4.751102052365006045e-01
4.189189502817969313e-02 5.072673334786232946e-01
1.476189751274215034e-02 4.178337790794862672e-01
2.535397652051019080e-03 5.248070334090292333e-01
-3.518548052969583395e-03 3.091026344377202362e-01
1.409841858100593370e-01 4.858238211415454311e-01
-5.995430612959491423e-01 2.988655331229242984e-01
7.544463397049394615e-03 6.440376352959048534e-01
-8.337166372614799315e-01 4.660639546151226220e-01
-8.850445968934177454e-01 3.005112674714921495e-01
-4.605521627267128437e-03 7.193584864925801625e-01
-1.013830893064238126e-02 3.957086216028352643e-01
2.100828283043476574e-03 8.517221085787917145e-01
1.099085010419986741e-01 6.370018727244290968e-01
2.009676540907667786e-03 7.735967464475037580e-01
5.806506458585447561e-01 3.046285194852420553e-01
6.329086949661242301e-01 5.174255552537635472e-01
-2.173052356037341593e-01 1.025142047938841783e-01
6.839484602186378659e-01 6.541928078790246737e-01
-7.895419252474944471e-03 7.255187172105671545e-01
2.295547538906150820e-03 7.785346468764879901e-01
3.543657953533063676e-03 5.192180770883316754e-01
7.217122468864856089e-01 3.696136904983127192e-02
-5.009823334169105635e-03 6.450839696805880097e-01
-9.316194986805237388e-01 5.526853084832631380e-01
-6.608613071305471376e-01 9.858283805975176506e-01
-8.209731397879060921e-05 6.393740225408282019e-01
3.518189795653103857e-03 6.321257536107148800e-01
-6.401485060777423186e-03 9.925077135007509543e-01
7.109841315214859847e-03 4.203298694545793968e-01
-4.990738570486383807e-01 6.825539545672303365e-01
-5.508259937731407874e-03 5.426916947101813049e-01
4.550032972067403758e-01 8.155773090019372562e-01
-5.158316100776727531e-02 2.518298661927242943e-01
2.504222550388179869e-02 9.611426053213338871e-01
2.277243486328073274e-03 9.542842703588444442e-01
8.792766884808678185e-04 6.472020978260240032e-01
6.433227460197206149e-01 8.386494385825286058e-01
3.212567899174383346e-01 6.720397391338561732e-03
-4.230206347439848802e-01 8.665278419636358587e-01
5.118265793321501445e-01 3.458936289694114485e-01
-8.516955632957221578e-01 4.912231110308826754e-01
-2.528582580776856936e-01 1.777679316014543209e-01
-2.245908003803798181e-02 9.429033225197122059e-01
9.539181023183567198e-01 1.315771435311574589e-01
5.698543811535221604e-01 3.541993954447719695e-01
-1.422774647306654927e-01 1.730862424830080792e-01
1.439028146206688952e-02 6.904027048555183566e-01
9.174881498170086580e-01 3.414648944194335067e-01
4.172658434478559997e-03 6.303144805138013451e-01
4.711636250737920584e-01 3.195833174061302184e-02
-3.129577977287880675e-01 2.860109120561875606e-01
-6.098584526536665606e-03 8.741506655123745251e-01
1.997926828537721633e-03 8.079874438724202745e-01
-1.077281292491716336e-02 9.952458778404479345e-01
-1.114659921965066580e-02 5.228261993853793310e-01
-1.235912609365978909e-01 7.619188849246721906e-01
-9.897580735630961968e-03 4.778112533539553564e-01
6.315077806443147868e-01 6.989839687365299037e-01
-4.089751794156049058e-03 7.987543806502099830e-01
1.058000057935970517e-02 6.931013172031968983e-01
-9.874156842541983448e-01 9.871926681075273713e-01
-5.351189037514647584e-01 6.827955786228557811e-01
-8.065442215694236250e-01 7.669454437508671507e-01
4.100650867065045446e-01 8.529458038623382032e-01
9.073472107595861313e-01 3.409760417690599343e-02
1.616287039153441185e-02 3.138609951216040361e-01
5.111861455079802496e-03 8.932188921694733663e-01
1.918719859094457636e-01 7.680416156662754901e-01
-2.323678282197327860e-02 9.831219709868923573e-01
-8.353963691900248012e-01 9.136994348903002550e-01
-4.802580143956847181e-03 4.049491776377285301e-01
-1.336706761495620732e-02 9.912904316020930695e-01
4.121257998472653838e-01 3.552966131691270846e-02
-8.521143849072057019e-01 6.633385716406973165e-01
9.111508540758974650e-01 8.639988596807808285e-01
-1.909420087711999336e-02 8.850311161009110084e-01
-1.068163424962120800e-02 3.201363899333994345e-01
-8.192427792169887368e-03 6.121518472959690538e-01
3.170824075657829866e-03 5.342593600021280364e-01
-5.839992384495638067e-01 4.136378609179566235e-01
-3.146934291418470586e-01 8.834637781074872187e-01
4.155620345190014220e-03 6.577130810358621238e-01
-7.476847731040665579e-01 1.943759339894601812e-02
9.834888310505411901e-01 2.642970401551580917e-02
-5.795159060878685153e-03 8.586002302691300159e-01
3.720038296153831414e-01 3.254890727047274890e-01
-6.255290738823360286e-01 7.148732675382845070e-01
8.299558985848554116e-03 4.016730955513957424e-01
-5.429318281115564915e-01 9.237910646314120289e-01
6.879716544099911957e-03 9.278898488175750803e-01
-6.491626882346179794e-01 8.190449336919394252e-01
9.848688527762439193e-03 4.514310619618948639e-01
-9.991336109880837313e-01 9.650201185953262151e-01
-1.562502042075437636e-01 4.692261624660425401e-01
1.279219874908066323e-02 3.279346734261427976e-01
5.273309979411731074e-01 2.740380683319599830e-01
5.391146201557894813e-03 4.575710763760270083e-01
-9.287270354531957928e-01 6.780579925377995254e-01
-2.137136380273418901e-02 9.281946135232047590e-01
1.954412271484935459e-01 8.498810194096517723e-02
-6.059087142914765245e-02 6.699088670066704054e-01
-3.127395123958907064e-01 4.718182695644390634e-03
6.686865766528169441e-01 1.944054168055805443e-01
8.469065974929321783e-01 6.719359867795483554e-01
-1.113037257860272078e-02 6.589179864654310936e-01
-6.342939254449868614e-01 7.567898883148835854e-01
6.340076515335304475e-01 7.387909679783044581e-01
-7.770738567424879673e-01 3.458141667042835543e-02
-6.597969757154369397e-01 1.671515488604394806e-01
-6.064006604447502724e-03 4.898498500122584476e-01
-8.423723205539768166e-02 9.131959825394022623e-01
7.777860333154775763e-01 5.609764019490302012e-01
8.948862337309804182e-02 5.693993548665832183e-01
2.346763016855213380e-03 5.845426795060233438e-01
4.820337765790541074e-01 2.398653037568569957e-01
1.718802499684823903e-01 3.928447979939053702e-01
-6.445652113030719832e-03 5.920436580276732252e-01
1.125353472638586094e-01 6.930180042685094577e-01
2.458289613847597366e-02 3.327235548938143328e-01
-5.601372101274648685e-03 5.845167737987372325e-01
-4.553917705648768965e-02 9.611389878837627299e-01
3.184950285667786929e-01 5.484420396577377455e-01
-1.692401417514344253e-02 8.544340630917472978e-01
9.823307412665238658e-03 7.774392998117541920e-01
-1.347671642152148408e-02 6.043603517996417596e-01
-1.865837661028013628e-02 8.919330426789056077e-01
-5.899099515051804410e-01 8.108880725156684122e-01
4.336746680377983054e-01 4.844489890856092940e-01
-7.229363887488866602e-01 7.427633589545418191e-01
9.863633573844534652e-01 8.190069395702770372e-03
3.940561907447179824e-01 1.802361527384991335e-01
4.630088603014266280e-01 5.772143605356921947e-01
-4.021191582070482440e-03 8.342858513596310699e-01
-6.870772402587599359e-03 6.521546532967533727e-01
-2.798624379286980268e-01 5.159877684999758518e-01
1.728268720439185557e-03 7.420426261369907905e-01
-2.576151924891245670e-03 8.634786421002536017e-01
4.212406780905952886e-01 3.839088702654935847e-01
1.147226802475653784e-02 9.347921732685940954e-01
1.467328463189865317e-03 5.244471409905063775e-01
4.750383919587264359e-04 8.322599464560376248e-01
-9.709005663923964136e-03 5.733495531116609145e-01
-2.621531221870698758e-03 6.272737817800678739e-01
-5.343792855346789494e-01 9.981662743283381545e-01
-4.481468854413694913e-03 6.220053014827802151e-01
5.527185119067363761e-01 1.407509916937913497e-01
-1.312074019870701491e-02 6.205006663323329175e-01
-3.232891409624611967e-01 2.649607416556462036e-01
4.003331792055586646e-03 9.925195947550741193e-01
-1.243950361946577488e-04 5.710177503934562582e-01
-4.675474497986431555e-01 8.501870660352059961e-01
5.166250410678772109e-01 1.947069743967206890e-01
9.385433579814381755e-01 6.626628263128668817e-01
-4.725435601162215615e-01 5.168141288452628990e-01
-5.733403235499934247e-01 8.945776388955340996e-01
-1.445904880755577437e-03 6.864344850887492688e-01
8.589360394297518297e-01 5.868762621042775685e-01
-9.251722783586164844e-01 3.292141099838244989e-01
-3.253415470726683800e-02 2.856702591903390598e-01
-7.985929753193454772e-03 9.781298708930676877e-01
6.061887087322015422e-01 1.422865596890916517e-01
4.878020304875940738e-03 4.891959352011154838e-01
-5.134134090383335458e-01 4.334475343608258369e-01
2.780367394408678194e-03 6.819204173354008747e-01
2.518798978436098679e-03 6.058731545755630110e-01
6.683163311944673168e-01 6.716336701995107017e-01
-1.492246940017276646e-01 4.032785681967708813e-01
-1.704675399199251373e-02 1.920676953101546625e-01
-7.289340380704611988e-03 5.623930380916228877e-01
6.266540546621790497e-03 4.360050274223797873e-01
1.104359042507869759e-01 5.216762458201353869e-01
-1.348643456046660916e-02 5.704017525549502921e-01
6.804005204364538262e-01 6.715575128255557580e-02
3.833772871538720928e-02 2.418643129761854915e-01
3.055553081590853814e-01 9.633982502070898013e-01
6.963699264855336413e-01 2.095359490625013921e-01
8.664848891355880767e-03 4.535906018044473242e-01
3.056796038092279844e-03 6.589915030177684319e-01
1.389880377954888502e-02 3.520561866358012937e-01
-3.204823887027310469e-01 7.458428752336676570e-02
6.185417721926065315e-01 7.438503952316461998e-01
4.902972729252965678e-01 5.183065027797326696e-01
4.084260931863097355e-01 7.350027482296349612e-01
1.460012883877537249e-03 6.126905603656254140e-01
-5.054496202053115894e-03 6.551806629342218358e-01
6.787936864206807197e-01 1.767594412449702279e-01
-2.735487396847489094e-01 2.062465388883488737e-01
2.586031678097899800e-04 5.078739019191979009e-01
-1.871707858330529106e-02 9.287691624377247823e-01
3.333864937395789596e-01 5.544051144219438454e-01
7.095981527572625680e-03 3.946807323356671393e-01
-7.461384421846419812e-01 8.396235449568919540e-01
-5.946398920790585407e-01 2.779509346485681265e-01
4.714564679634491995e-03 4.343762102713030204e-01
-5.801754427493455157e-01 8.252666226559224327e-02
-1.137350694943362051e-02 3.910457674274955275e-01
-1.346215350993373860e-02 9.049933095351522239e-01
-7.377000599354122112e-01 5.071156511058946270e-01
1.864179176841962438e-02 4.626391771122722041e-01
5.547124417362392368e-01 3.035101781342287586e-01
-6.365320986048883523e-01 8.152544052537660235e-01
-8.398354831278709298e-03 3.985312734560270131e-01
3.441161285042633189e-01 8.309953165322488955e-01
-6.795672469697762175e-01 5.946791567749983853e-01
6.946082864858191819e-01 6.612002290333826027e-01
5.958420803130692889e-03 4.435599338055796759e-01
-2.173427464365846884e-01 3.627279014640599764e-01
5.347711110119903744e-01 9.491275755146300064e-02
-1.541623603656305797e-02 4.558930180039487690e-01
7.874982487396871011e-01 9.856071484239462555e-01
-2.586261815262780317e-05 8.952673226744543022e-01
-5.291991143225829308e-01 7.919888329869413379e-01
-3.915181607702267197e-01 4.183532346288785231e-01
-2.340021319780394293e-03 3.211546631546140507e-01
-7.164322261065336761e-03 3.375542905484371081e-01
8.821263276522550711e-03 5.578185318709711904e-01
-1.193859734575442033e-02 5.506265326057393494e-01
1.329360050317052178e-02 6.292342327155121540e-01
-3.110270364758567219e-01 5.360765469287466223e-01
-5.630091345485710441e-02 1.595334630300982992e-01
-7.782804410325654398e-01 7.758743361345324940e-01
-3.387858868934670031e-01 7.144793066520502833e-01
8.247993403878828289e-03 5.199719235923132565e-01
3.568259354356850821e-01 8.940006963623885472e-01
-3.004039624077106119e-01 5.636082882700502728e-01
7.579382769335982761e-01 8.638116235434686319e-01
2.797497464145306534e-01 3.555991676402110446e-01
9.731692843629224932e-02 6.180869224483098723e-01
-1.766654391876383290e-01 7.453061990435110307e-01
6.814356727640509259e-01 6.444451228918220975e-01
5.077710158113608596e-01 9.334725985331756570e-01
-5.444616164827480453e-01 5.202564902399923197e-01
6.066058064273232020e-01 2.468904177935797861e-01
4.102867960046059359e-01 1.709743292134469073e-01
-2.291953838879745575e-02 9.591205184327905586e-01
-1.399505367427211766e-02 5.861275070047852198e-01
-4.163026427763509840e-01 8.595795348547110581e-01
-9.923424483155862674e-04 3.851731742310188222e-01
7.359547282790313005e-04 5.137361130964184230e-01
-1.631818441111778650e-01 1.515792267828199869e-01
-1.060574745882392200e-02 7.043291949958107034e-01
-1.887002663248038559e-03 7.602126940884489370e-01
3.083760358758125264e-03 7.302660176882614929e-01
-2.016233012834305338e-01 1.814922690973690411e-01
3.842366098716083478e-01 2.878730759344826362e-01
8.960473740901386819e-02 5.909747493943711127e-01
8.963390634719736738e-03 9.379214539121393246e-01
5.378870018050081470e-01 3.681458376734508819e-01
-4.152988006176503433e-01 7.961062914139384050e-01
-9.307052559498822930e-01 6.674654064272922405e-01
-3.355617438615343673e-03 7.734834548212260463e-01
5.380343920499373045e-01 1.831291872527185394e-02
-1.055232799197214355e-02 6.735172221043989049e-01
1.203181879865684589e-01 2.443518494456684564e-01
-8.184953089512170266e-03 4.420381925679747193e-01
-9.729870724221933997e-03 7.902064421635640601e-01
-1.578332757383082985e-02 9.456247365166784435e-01
-3.767884584724154884e-01 4.905883811219408086e-01
7.521195881191637955e-01 9.506760727588313697e-01
4.820266838414406507e-01 8.271470715499279480e-01
1.178210416104552571e-02 5.515537890342501193e-01
2.480412779119567368e-01 3.476575409004700745e-01
1.213795431192481455e-01 3.449849819234058756e-01
1.134918916586524773e-02 8.536662695614154472e-01
2.624984203722251497e-01 1.926339617145004235e-01
-8.415155657719664006e-03 6.307563174895898239e-01
-3.076082561488946432e-02 4.732151470698187090e-01
-7.592477445656387047e-03 5.405629963545360850e-01
1.681261816844559220e-02 6.617424159263571859e-01
-9.676061991503726034e-04 5.033430098490188076e-01
5.188404057446782680e-01 2.230860825098439637e-01
-6.699300912749694970e-01 1.115271128183006333e-01
6.014538077979469932e-03 6.469496141661923438e-01
-1.410965557638110823e-02 7.254596120138225857e-01
-1.365165102477905457e-02 6.878442520496255153e-01
7.774917572593853521e-04 4.600980524084478107e-01
4.662133100768321992e-01 8.756412570218179425e-01
-1.029037939630828014e-02 9.263188721741799636e-01
-3.653457509885946752e-01 8.744475553865770356e-01
4.525989405056440873e-03 6.023082752742000556e-01
-4.283307750782672230e-03 4.668885947736119979e-01
1.577901127674530279e-02 3.805673427771211204e-01
-5.458687215468494003e-03 6.116814653485006525e-01
-1.159788291355523526e-02 5.810197454163682496e-01
-1.137818562446835102e-02 5.039729086469875163e-01
-4.002796603587821522e-03 9.744394582774681401e-01
-7.679012682369812381e-03 6.631101977142273007e-01
8.000154114983442089e-01 6.162339151805253934e-01
-1.050971305629699870e-02 4.430297658414765749e-01
4.718202187874664943e-03 9.084326369120526712e-01
-5.537819607110199271e-01 7.807195243738840329e-02
3.381761660388742374e-01 5.272974462336598167e-01
1.865807694361392155e-01 5.553734860326352551e-01
-4.957985851948432110e-01 7.814233120381008924e-02
1.558420973633900530e-03 5.256397505283814109e-01
7.335476748140552505e-01 8.511243021700104494e-01
3.380943541181347101e-03 6.770555443820900354e-01
6.100869723891122476e-03 6.919088273827386226e-01
-3.165185925893054808e-02 3.863341877567068039e-01
-7.411552590256891282e-01 6.640794922807158329e-01
-8.556549406169899896e-03 4.546213812479752425e-01
-7.961087056651039440e-02 9.839923095659096619e-01
-8.867506754387077805e-03 8.049580386635560858e-01
9.338065282834917546e-02 7.365063782296182859e-01
2.535725755377526980e-03 5.500035776861739167e-01
-8.591606651166427966e-03 5.295450695976836597e-01
3.112536075945691039e-01 1.316057703761350783e-01
1.831437455387585622e-02 4.029131206628704387e-01
-4.225863434854737477e-01 7.040366544972405105e-01
-1.347223466134894743e-02 6.153545258189400124e-01
-1.522885330994829811e-01 5.437421167261118349e-01
1.143604130147481968e-01 8.244945951700888287e-01
2.327832515669223667e-01 3.732092077334504543e-01
-5.797043701586845899e-03 6.726315871079083797e-01
7.629785470497518762e-01 4.713306648024340184e-01
-8.202507505670897370e-01 3.926406470766388157e-01
-1.152460968153934395e-02 9.421069134538035961e-01
4.275970570148945882e-03 6.262749756980476867e-01
-9.534827773396870043e-03 3.037148811273370219e-01
-1.138449120895623778e-02 3.877887469998889669e-01
6.932359131656573581e-03 4.789674887792618740e-01
6.057474874987534008e-05 6.120954155383304673e-01
-8.043395484969684262e-03 6.174696750470637374e-01
-2.020292492742159496e-03 7.108203000546428063e-01
4.346542167573907989e-03 4.512929989306975198e-01
-8.862338009732351196e-03 9.472066588235750206e-01
1.330842031832091266e-02 6.320363970249183172e-01
-8.994827645260601301e-01 1.557509026604076974e-01
-9.928941171571290525e-01 8.955892790252891755e-01
8.615428447748207930e-03 5.885943540808123986e-01
-2.766728525964634589e-01 7.196343254811551349e-01
4.455835088954085421e-03 5.723383367052835569e-01
7.407919638075410873e-03 7.693089670793888946e-01
9.657467546066589303e-01 7.229107688988520852e-01
-1.238099523505176158e-02 5.946754354733725378e-01
-8.564256969838246469e-01 1.732855301429135908e-01
2.478114891126415031e-02 3.418135147508984950e-01
9.844178877094598157e-01 8.184053395442969503e-01
-9.906672642272242868e-01 1.297580006861177582e-01
-8.526709737948892087e-01 7.049778257689989225e-01
4.760092966478168819e-03 4.933852610132313243e-01
-4.863741839443269654e-03 9.386919193882351520e-01
-5.052656392317445011e-03 7.587376971168005024e-01
4.285581693974025441e-01 2.024611396726283541e-01
-6.170316321975954921e-03 8.004525726590552281e-01
9.654182480039412706e-01 4.055204040464015502e-01
1.316847523103525930e-02 8.884163979084961360e-01
-1.354826049855217818e-02 2.965967889879470576e-01
1.738904587904599452e-04 5.372751300024773968e-01
-1.082711756977143835e-01 2.288731359329311266e-01
5.391872156709756059e-01 2.036695586585165474e-01
9.530009888410573282e-03 6.152632779249789241e-01
2.221360851007569970e-02 3.447148011736526074e-01
1.215572509281948044e-03 6.624658711092513697e-01
6.093916215494716848e-01 1.450379982134664125e-01
7.690653457536056337e-03 4.344038485822068196e-01
-3.202874115089391349e-01 2.196427506325664414e-01
-4.552027354797953951e-01 6.025793555931914236e-01
-7.013587678261814506e-01 5.155594915213871365e-01
1.522191306359221841e-03 6.192260859898996994e-01
3.384215991487560249e-01 6.722235423934748155e-01
-2.538397253610940041e-01 3.615009635011837696e-01
2.128216795407822381e-02 8.244054671509238874e-01
7.134626580113989647e-03 7.214563365005084439e-01
-9.677179601236263196e-03 6.927082464090440483e-01
4.975075623466846952e-01 6.055464421260378094e-01
-9.204172751630808058e-01 5.078694034130997181e-01
-6.465557112999498202e-02 7.127627704433875389e-01
7.331615782138931614e-01 6.648527348856300145e-01
3.637902243131030389e-01 5.831280013016447716e-01
-6.050295825479334866e-03 5.631180032494808030e-01
-6.144898516603047867e-03 9.190892480005806719e-01
-1.235840802084942069e-03 5.846881987501006961e-01
3.663416129651964059e-01 7.026951825752174585e-01
-7.665869927700610376e-01 6.818133214307661172e-01
-9.750439553610990018e-03 9.774485371140149148e-01
7.998924518656995719e-01 9.646790946273670064e-01
4.437603792483146847e-03 5.342369772625000790e-01
5.322817100687822212e-01 9.383510306413983537e-01
-2.655147377419897481e-03 5.763423086508921989e-01
-3.325336151916569172e-02 1.289392528784913949e-01
-9.572576176619449484e-01 2.206350308540231397e-01
-6.521977770180318323e-01 6.180190951393403909e-01
3.794411019202081903e-03 6.339090892305431213e-01
1.495491993800945885e-02 4.179726566486261508e-01
9.276467830934347347e-01 5.194654406691351367e-01
4.387446230940674763e-01 8.758713733849716743e-01
1.844229107766803821e-02 2.529273828407967439e-01
-1.223353868818666257e-03 3.708815302184638174e-01
-9.010249844108697559e-03 9.622668408928601869e-01
8.566715774988464815e-03 8.402815936933392127e-01
-7.012469387539812526e-01 2.593912109006279998e-03
-1.062325534683972172e-02 7.016313570035305203e-01
1.176354436671633863e-03 5.633497912036492528e-01
-4.929212446267641212e-01 9.652830840375318244e-01
-5.197212497737646597e-01 2.968683142061560032e-01
-7.084846750270343829e-01 9.637344102743836682e-01
7.186100562806514436e-01 1.396461979810890153e-01
8.895701455313065331e-01 1.691633064990342161e-01
-6.709969318529407367e-01 1.115880613576024638e-01
1.037334598656736162e-03 8.396483545234317836e-01
-5.995777188795501367e-01 5.331842900410393993e-01
5.487918398115576579e-03 6.036642988522479270e-01
9.158596243739518528e-01 9.752972462492430772e-01
1.186775737271106301e-02 4.327256871420439577e-01
-9.992364255446475330e-01 2.428095248901149805e-01
2.442637930744062658e-03 6.807817192962591912e-01
-4.043796030939657005e-01 4.563305219771338628e-01
-1.981359100513646609e-01 4.570775955278170155e-01
-2.509249518115819200e-03 3.720428012887500024e-01
7.079379862590107209e-03 5.968825316625278044e-01
7.771286988822769803e-01 4.758624979013877931e-01
5.719684335939301256e-02 6.564345505886179932e-01
3.769574816717691235e-03 4.167288572155173343e-01
6.771667323167041008e-01 4.575777268121148378e-01
1.138540003563810465e-01 3.717297735973174033e-01
8.006109809183103998e-02 1.317251253943005906e-01
-1.634986258679860249e-02 7.681397549816872949e-01
-8.303195062767241286e-01 9.140611016788950938e-01
-5.736951768966269682e-03 6.634491755162051918e-01
1.796668344637653014e-02 7.611192460285911565e-01
-1.535028568663876491e-02 6.686789138681353828e-01
5.985616309931440782e-03 8.750752427232801889e-01
-1.260995268866804686e-02 5.934694251892199679e-01
-2.045271621993733913e-01 3.429730715434364807e-01
-6.751123497764059955e-01 1.525512708581100441e-01
-2.468215756694067675e-01 5.894925566965925068e-01
8.426812810170749568e-01 5.910606405128023821e-01
4.953966051845757335e-01 4.342158700826215245e-02
-7.618821085333229437e-01 9.860957006403870961e-01
-1.150426289470591890e-01 3.626995256096908760e-01
-9.927949056495672941e-01 8.568736853034413237e-01
7.585418558459400273e-03 9.739437938768327196e-01
7.084887078678825389e-05 5.419293076620059768e-01
-3.807698048565086868e-01 7.471075727526376165e-01
1.365575962031040369e-02 7.860278754262290946e-01
1.916352601165183245e-03 5.622460781230755877e-01
-6.352619984876721748e-01 4.524343004577269234e-01
-1.483931771582547299e-02 5.710065842349124621e-01
-5.933252920133058606e-01 3.417770158418704796e-01
6.192900416883000414e-01 7.859825832031086534e-02
6.196000227608766675e-01 3.258864060880016789e-01
-5.606095699757229767e-04 9.330018221068708817e-01
-8.352290127663482000e-01 1.977460955305725410e-01
7.474019857849707460e-01 5.417835116975048271e-01
-6.007015756404054940e-03 6.743481051621237343e-01
3.282548380375116537e-03 6.051138233908955888e-01
-4.423543152762574593e-01 3.600463422948509962e-01
-1.558042317124619380e-02 4.201854308691916895e-01
9.142519182774311304e-04 8.016893752691367503e-01
3.381719804720946243e-01 2.464037359037198893e-01
-1.840910787483425182e-01 8.633821441593351187e-01
5.038612919377924992e-01 4.882714437677767583e-01
1.439699107983090087e-01 1.225334335826764320e-01
9.209569990973331954e-04 5.964787380732917699e-01
-3.573377148835721329e-02 4.407307046935918793e-01
9.534457823993769399e-01 2.486089394509212180e-01
-5.274777038097866466e-04 6.210293614423356701e-01
5.305562068363005590e-01 3.487754858302327676e-03
-4.665267820559870771e-03 9.223110483125603887e-01
-3.852948694304503263e-02 3.448280651319293177e-01
2.797440685207819300e-03 4.942012573801816133e-01
-1.844196009825438409e-03 6.646799192324438499e-01
-1.217283632993781950e-02 4.302251820495656132e-01
1.260892010454672807e-02 3.258733700931649713e-01
-6.378000369410758985e-01 4.911460652628292234e-01
1.288411633911890064e-02 3.678786732605461296e-01
-7.406265491308130500e-01 2.578293636041806280e-02
3.356241969176747553e-01 1.730704115696101164e-01
-1.080008114564545707e-02 5.248670888654092259e-01
2.224314000850302619e-02 7.634347678390061009e-01
2.277454077248419750e-02 8.170454579660919592e-01
9.850708159266139408e-01 4.974338715601559491e-01
8.655076907564396294e-04 4.730895270900126182e-01
-9.451436838188609357e-03 5.218478654169147468e-01
3.810807000186322568e-03 5.692657807281410465e-01
3.318378033949997974e-01 7.801785125950740918e-01
-5.692494080106025311e-01 4.092281056550595153e-02
7.970550324794745123e-01 1.833074848834248538e-01
-9.188579382892143599e-01 6.033248970276924306e-01
1.905425991602616165e-02 2.932678147052784068e-01
1.016764414030202346e-03 4.313380329180501738e-01
5.999439241529098688e-01 5.189023239778738361e-01
-8.297474758576255383e-01 7.407995281479958782e-01
9.505104363549192747e-01 3.552717261293626416e-01
9.939635311938532780e-03 4.187402415401858535e-01
6.726284681955796430e-03 6.696287428747673687e-01
-1.561777243759299161e-01 9.603100312107226699e-01
-7.993769150661818035e-01 6.378470407866191350e-01
-4.863839271801229103e-03 4.523645000794627169e-01
3.153216217816501299e-03 8.338650320093010659e-01
1.947815599339763892e-03 5.905010080375868720e-01
-1.175516183020186567e-02 5.927462019700246998e-01
-3.265066801374771899e-02 1.594091596865087057e-01
-6.431400747964000075e-03 4.100871831414175661e-01
-4.904161331247047784e-03 4.205404777540048267e-01
-3.822424344171526656e-01 7.721570517451320503e-01
-4.675768500508770131e-03 4.385167228158926012e-01
3.563935657059080775e-02 3.477417641948731264e-01
-6.037412100057260034e-04 9.562071229791820892e-01
-9.694269931914374361e-01 1.756260366255029126e-01
-5.244274254009420044e-01 4.220480194449499622e-01
8.387962418545669152e-04 9.267611791941017252e-01
3.993681043153316512e-01 2.574062125393543621e-01
8.214477250705032318e-02 5.366698465880125335e-01
-2.324622730168652840e-01 5.565108867586172625e-01
-7.006554760490057987e-03 6.705294920731018626e-01
-1.648160337080688542e-01 8.014792126887785306e-01
1.640666544021263107e-02 6.701341419357330631e-01
6.430159946967566320e-01 6.284616179409494574e-01
1.050535117919453310e-01 2.638884525553937266e-01
-3.666491773624132033e-01 8.391830045658449366e-01
-2.153830820303503923e-01 2.797601518561469991e-01
-7.308510297896528840e-01 2.870913380742567966e-02
-1.224045786409067027e-01 9.317523858017117133e-01
-2.600902083901623918e-01 8.839903879181195689e-01
5.191176820998080199e-01 5.426254640189063227e-01
-6.479854789848547014e-01 2.888086057000650575e-01
-8.964649345106263656e-01 3.529884013777323526e-01
2.533701359333817571e-01 6.212297297968027987e-02
-9.081636749600852099e-02 3.527986987033269184e-01
-3.895292567110497650e-02 9.344347847295204623e-01
-5.878287607557419747e-02 2.006214677365287802e-01
-8.837000876783296377e-02 4.724295405417371363e-01
-7.966105373341081375e-03 6.516223541826724475e-01
1.183677779425338361e-01 5.030154633380713447e-01
1.414114305867586463e-01 4.158265469542202775e-01
-1.542818169583748400e-02 7.470952990248341807e-01
1.458604572966226698e-02 9.046938390854174505e-01
-5.447807637192236818e-02 7.171495431468382087e-01
-6.348799446306507832e-03 7.663472390635055476e-01
9.867353784015868712e-01 2.612790491494373368e-01
-1.533688841396791958e-01 8.556771388403421330e-01
-3.756085045125701072e-04 8.435976862477103655e-01
-1.135771468278146124e-02 7.213769067615043440e-01
-5.929601841903109349e-01 4.674271914982260911e-01
-5.826078195792172565e-03 7.524533031017689444e-01
1.653778165267330014e-01 2.724243008983620040e-01
-3.352849879183130710e-01 1.328423140270024172e-01
-6.373704864540030712e-03 9.587587275337589032e-01
-4.663550267214229272e-01 3.473518464759925983e-01
5.387592543823751523e-01 8.665124790227989315e-01
-1.078073906908616486e-02 5.397516419202278426e-01
-7.751031059678887836e-01 9.112728671486339804e-01
8.718595113475813285e-01 9.335763256582703118e-01
-3.737549213005217918e-01 2.943067630184748040e-01
-1.181824811501952510e-02 3.964821484675276064e-01
-3.565147563913022566e-01 6.109893900572598291e-01
-7.717001547289672470e-01 5.643561158968414260e-01
3.620115616571162320e-03 5.192567635094278433e-01
-4.747903984213477369e-01 5.265651625497891342e-02
-7.875523974379545766e-01 1.567639707343005950e-01
-3.242683226405060903e-01 8.042230520274246119e-01
7.940910056839056708e-03 7.920624420455492087e-01
7.103290330888192283e-01 1.255476734941570749e-01
5.270941958773067704e-01 8.297572581978847062e-01
-4.884212626687425285e-01 8.564038911621670858e-01
-6.946921934678638166e-01 8.494497919955934506e-02
-1.500372655680370926e-03 9.650209751382571310e-01
5.173272787601188583e-01 8.082545898316551014e-01
3.892800430821630187e-03 8.270568813387866314e-01
2.882493056689239275e-02 7.365432942825478335e-01
6.163913367773421470e-01 2.216316108220155456e-01
-9.961677842138305650e-03 6.990701085070051279e-01
6.673692727796023405e-01 7.221578038137947964e-01
-5.655235052980547295e-01 5.087751470434264123e-01
1.620231292639373599e-02 3.477163663826388085e-01
1.570256506040610400e-01 8.260181149354729468e-01
4.443162298129221810e-02 9.036083244005049808e-01
-8.951100585786810893e-01 3.629751622275523282e-01
-5.622215652528144147e-01 1.888470248847990973e-01
-1.131266114412277091e-02 9.227601712856772220e-01
-9.695882531067123722e-03 5.215105550593343020e-01
4.296998467688739609e-02 7.151442964668163205e-01
-4.001975389566398977e-01 6.486889022930518722e-01
5.593924688418905333e-03 4.368006025539142856e-01
-1.305077132572891596e-01 3.879752318587752491e-01
-5.713795832469139580e-01 7.781973505589823148e-02
-1.092714437120223536e-03 6.306645264748043100e-01
-7.974405673907909442e-01 4.665006558115638580e-01
-1.656888759372687758e-02 6.696611954429914082e-01
2.009472986798099825e-03 3.879878077211966758e-01
-9.741849377968607726e-01 5.651930751479509185e-01
1.547200846444551914e-03 5.351343982098714092e-01
3.170258518498754174e-01 2.163936893345475010e-01
4.906480616681643259e-01 5.111513497330025801e-01
-9.366533054080150578e-02 1.632205781253048826e-02
-3.472572218046199310e-04 5.664725696240038300e-01
-1.009228305015850147e-01 4.928726741141044032e-01
-1.267735495020771985e-02 7.135197617019478633e-01
2.360983796901194864e-03 5.239966037005167054e-01
9.348398982904626564e-03 7.392608138735938805e-01
-8.088579190846025835e-01 6.060533767208400313e-01
5.614844834228105430e-01 1.085265397595169823e-01
-9.157528784524613386e-01 7.348790553064901143e-01
1.291361470883050089e-01 1.949176129116129141e-01
5.475895837215594142e-01 5.355943696969208689e-01
-1.346187124959818959e-03 3.369749021740474637e-01
7.091356927822545231e-02 5.003583243518734402e-01
3.296818759464859028e-03 6.019950683952587367e-01
2.544096576360534989e-01 2.616585326601098549e-01
-6.663342126268068100e-03 7.235227932503052184e-01
-5.217869627637705676e-03 6.229546995054106029e-01
-9.395367287835321157e-01 9.793117704618464758e-01
7.946299968020236193e-01 3.618892944970564240e-01
-1.412700315559822783e-02 7.491928977616785224e-01
1.800717798067563713e-02 3.955201860548803738e-01
-3.312313182375348219e-04 6.442038931903717458e-01
-1.115703339538587358e-03 7.195762486304954075e-01
-4.871584722870114792e-01 2.291391517611124362e-01
-2.145110399909222476e-01 3.742697796113901854e-01
-5.460195334124782196e-01 9.352760865886756703e-01
6.298467411647947767e-01 9.887639996839134859e-01
1.189822486242753108e-02 4.829694251332620203e-01
4.409326883559439025e-03 7.924974011664702722e-01
5.317959065521344897e-01 4.673177531633964099e-01
-1.607512912636277491e-03 3.449174192789026261e-01
1.886024078366761447e-01 5.471932822865792634e-01
-2.342645155836875492e-01 1.726501459733069677e-01
-4.514649406174764401e-02 1.191755166612992189e-01
5.325080931891030822e-01 6.190643659736498883e-01
-9.929623180893187850e-03 7.865532219331475838e-01
-1.116108625526512910e-02 5.088525846337565994e-01
6.552536540643139062e-03 9.549225960785769907e-01
-8.574531357833814482e-03 9.587396592880775836e-01
5.409032043951520485e-01 7.569386941294327098e-01
-1.093813827401746153e-02 7.185428072626710572e-01
-2.623950272569590680e-01 3.523625238818017813e-01
-7.470022528430937392e-01 7.912506472160484305e-01
6.355470942064922468e-02 6.555163096161148450e-01
9.929447066037826453e-01 8.201914220371959718e-01
7.642712107076121697e-03 7.329311296771175988e-01
-5.466864751388258448e-01 7.579740065202348331e-01
-9.012517368701211673e-02 4.827496795982523237e-01
-4.153848123217827037e-01 8.267458350034997405e-01
-7.331909991995617659e-01 9.411409010648333906e-01
-8.864492749853085662e-01 6.140833032095930344e-01
-1.600840087737089856e-01 8.040593029518455781e-01
-5.083239553302609792e-01 2.266481064145312585e-01
3.519747790997396208e-03 8.124086039273934468e-01
-9.754721881804595540e-03 3.054580085211022755e-01
1.313157351697546993e-02 2.932502427299298331e-01
-4.068335824783830823e-02 2.001269953422661896e-01
3.727679307119535768e-01 2.291660685128847907e-01
4.088869765015377133e-01 5.280550073662989563e-01
-4.669937299300814804e-01 1.778086856780287661e-01
-1.523757643006273810e-02 6.621617706312366014e-01
1.325523124231287042e-02 4.978348286697391600e-01
-1.159831731628673257e-01 9.871998073702392684e-01
-2.681860073851005666e-02 2.769838691075203752e-01
3.117079153052213503e-01 8.741304986059184046e-01
6.027845580612474219e-01 6.455699859279409036e-01
-7.179216874112135383e-01 7.351399233417716950e-01
6.125577912205582010e-03 3.862927479190562119e-01
-4.076112465084589243e-01 4.057962706263584796e-02
8.701574687752566817e-03 8.830774817937877552e-01
-7.995534409629412309e-03 9.603674066042279245e-01
9.973561880671448776e-01 4.749341660836192691e-01
-1.269640891776213643e-02 6.883738660435977375e-01
-1.704516778988387493e-01 1.303415825859424171e-01
-1.069610778694696229e-02 5.327458788536442169e-01
7.701374460669963007e-01 1.112635832323964902e-01
-1.564515900025065243e-02 5.952805341881162171e-01
5.802882466332093259e-03 8.473184613575810431e-01
-1.875694015279005811e-02 6.374909869578541111e-01
-1.279762946128570889e-02 6.728801802520198994e-01
2.550004764178723793e-01 1.981611627287049870e-03
7.137793576392446049e-01 6.294025218415855161e-02
6.635751876299567087e-01 3.802967599259579057e-01
7.516203063719739674e-02 1.358671852478586795e-01
-1.080337149136734176e-02 8.261823588722119194e-01
6.959081153506356809e-01 6.708348410764887193e-01
3.334489901140229584e-01 2.011760794069950009e-02
-4.211419590138023583e-01 3.328884605935702456e-01
1.753318511477086616e-03 7.690481848057811876e-01
-6.697707798493546250e-03 5.753151222836104806e-01
-5.373464711386164439e-01 5.786676768900755885e-02
-9.350550291796944080e-02 4.821738873204535203e-01
2.726041319960725851e-02 9.876598110772955019e-01
-3.765653126422414676e-01 1.597238756870724696e-01
7.694127865791184906e-01 7.175833424489267420e-01
-1.678509657854432291e-03 7.482427793129073912e-01
-8.535774727052591881e-01 3.741914074259502510e-01
-2.354248267919278881e-02 5.350452149935538415e-01
3.807082623854274317e-01 2.903649877612288766e-01
-8.232300255520685894e-03 8.872879285053882903e-01
-4.466440086743357352e-01 6.390267765490049712e-01
-4.723570146541486992e-01 4.010117366792010918e-01
-4.165911622786344637e-03 3.513840386272599758e-01
-7.069817490084275846e-01 3.479646422866051747e-01
-3.746003175669534446e-01 8.582525672499959901e-01
3.917660302432139918e-01 5.444763172857292055e-01
8.433456840854021141e-01 4.459052533696816756e-02
1.301936393520519708e-02 7.667429110316132945e-01
9.045829921600450074e-01 2.108839931440160687e-01
-2.952461994083499519e-04 3.535910920219121900e-01
-2.627135775876874302e-01 3.003526648782638420e-01
-6.848908221711913491e-02 2.269437061388238641e-01
-7.820576723064316393e-01 9.769473164903393902e-01
-1.289605890095724128e-02 9.085578701758563192e-01
-8.831628737347212432e-01 8.543202032900757414e-01
-1.179309832837871497e-03 6.765666025508260129e-01
9.676212541722841731e-01 6.983184274898579513e-01
9.980150503518725458e-02 1.883450927565413213e-01
-3.034931246850371966e-01 7.972480391133816013e-01
-5.378491857299660950e-04 7.836267766047002592e-01
7.087471142867896035e-03 5.263063876537225072e-01
5.400499213832263834e-01 4.468789237152192007e-01
6.800621218052627093e-02 2.209710374588494952e-01
7.507079161016338986e-03 6.786765606517396465e-01
5.066860390249925405e-01 5.117639701234590888e-01
5.975150477039115060e-03 6.866361428061042993e-01
3.679524790971255843e-01 9.505643088082859071e-01
8.606487897577048685e-01 1.292615436630065728e-01
1.956684635089356306e-03 8.096787133534729675e-01
6.569925960899962725e-01 3.578395166155838858e-01
6.904665776045655345e-01 9.885391028910700539e-01
5.000112825644504877e-01 3.346077480153787365e-01
-3.329682660013322248e-03 4.080848797965929142e-01
3.412686496754768761e-02 7.296910526909538008e-01
-5.743356434709654401e-01 7.998015088783428927e-01
7.632461194043602681e-01 2.313609715843875092e-01
-1.006397483670040671e-02 3.314383469495950640e-01
-6.220394510472668781e-01 5.273058999439566019e-01
-2.013077564366059224e-01 2.496778229489661216e-01
6.797369335799356982e-01 1.015995816169423804e-02
-6.916233020873407966e-03 3.907469581266094227e-01
-1.832321385554536164e-02 5.588857343670101674e-01
-8.145634397636025703e-01 4.358591466209241760e-01
-6.846532264529980871e-01 9.737295662176703726e-02
1.707879748168252831e-01 4.013874164855136817e-01
-8.481554641808441986e-02 1.837687508130403380e-03
8.439237989078496316e-01 7.271980347951760848e-01
5.098733824853152186e-04 7.477657079336991197e-01
7.879021115631323902e-02 7.529474647616979377e-01
7.417579076544349448e-01 3.128223944642591903e-01
-9.405764720244347288e-03 4.195188187198688468e-01
3.294474662356217110e-03 9.216864760462142314e-01
-2.471272442472471909e-04 9.345169065003584574e-01
1.688541981862263786e-01 2.057680852658421156e-01
-3.638671251305347631e-01 1.733032520242452357e-01
2.505214671396676085e-01 1.608018515647335889e-01
9.862666715808134921e-01 9.357423475564733417e-01
-8.990099192679055218e-01 7.931386610043295038e-01
1.375600634296041402e-01 4.407537315353561302e-01
-1.184212470003975781e-02 7.774486838263250377e-01
-5.998922735835259257e-01 4.314929607085937757e-01
-4.082601289352449925e-03 8.913661125913714400e-01
5.597081875933898054e-01 5.733533887526860440e-01
4.935515333378539538e-01 5.818694795525978236e-01
-1.344784144871491449e-02 5.673490152713334123e-01
8.796660289299340629e-01 3.399599442380540903e-02
5.027962877800717933e-03 4.859527729671313523e-01
3.220456162690752411e-01 5.187932844605790406e-01
-1.835742807080253947e-02 9.679726298632076453e-01
5.101443973687651567e-01 8.549945435996081367e-01
8.730447115279678094e-01 2.387062411441606136e-01
1.889649693394690466e-02 8.288547742610142821e-01
-5.202050662844757145e-01 2.936300344509051863e-01
-6.919881904325346778e-01 5.869216819018032716e-01
-9.203740159303352986e-01 5.645546086921122697e-01
-2.035951250911429700e-01 3.919797861725110577e-01
7.257188536362757514e-01 5.618643921695051224e-01
6.762916323295666832e-01 2.964120077034482215e-01
-1.666187596109462987e-01 8.581049255095948292e-01
-2.038322642872647528e-02 3.259528604011496800e-02
-6.872189199095133372e-01 4.345860077166148194e-01
-4.226554015235874928e-01 9.119699187311506305e-01
1.664636694048704513e-03 5.540082658638320057e-01
1.612217727892550911e-03 4.729120479751979245e-01
-2.733830085226296447e-01 7.252312898280943720e-02
4.326719564207159863e-05 4.739633437064253441e-01
1.619247837357802311e-01 1.888718009932989217e-01
-1.310997041272776720e-02 9.043595828442132500e-01
2.366363933956574517e-01 9.258712357330884934e-01
-5.888797312596505407e-03 9.975108065751090436e-01
7.928622950592112417e-02 9.128250478907137255e-01
2.635229063384447734e-01 3.652101281420537804e-01
-1.855829081416793258e-02 5.665439389048342322e-01
2.285833103031136293e-01 2.968849426225440569e-01
5.798565466472733743e-01 2.470303416780572636e-01
3.817544046699883342e-01 7.323422505454985076e-01
1.857275544538006251e-02 7.111777165459224337e-01
-1.513871934929222896e-01 4.295606923712739222e-01
1.191433086987303547e-02 7.404504279436858738e-01
8.190615900337510080e-01 6.912652033580176658e-01
7.950862284124542434e-01 5.860858383929792303e-01
-9.780973753421129402e-03 6.601581096338715593e-01
7.653114459133445457e-01 4.944520361052884283e-02
-9.406809882288946767e-02 7.043143909327481689e-01
7.951135614379545302e-03 8.910851095614538142e-01
-3.066158396404725650e-01 3.325087787754389401e-01
7.014195715957360910e-02 6.154928716340978267e-01
2.382126079275348474e-03 5.330652324598346148e-01
-1.075863790429898437e-02 6.583175381106017854e-01
-1.056759515057414944e-02 2.719177645128765253e-01
-1.616501083093746516e-03 6.165442073091773612e-01
-1.368858035905651249e-02 6.108098058729241053e-01
2.406964114967546919e-03 4.715970579823344222e-01
-2.080293086210600606e-01 2.135700294373437114e-01
2.847853930583945647e-01 1.521125952386652713e-01
9.861720913220839435e-02 6.392940497346584205e-01
-1.390841502196855650e-01 1.253692089447112634e-01
-4.926502268596175682e-01 5.258061971547658420e-01
-2.986706066104491963e-01 2.623728562449940682e-01
-7.277755066174673715e-03 6.086358941064731187e-01
-7.176400551963728613e-01 7.741530170260479959e-01
7.173145759688115408e-01 2.553992442925701045e-02
5.405176604527852646e-01 8.146537610067416946e-02
-6.664266049726352836e-01 6.541803719282353047e-01
-2.224715687464970948e-01 6.076687590970752950e-02
6.713368530648566868e-01 9.991133029475685046e-02
-9.886759258544770557e-01 6.679413042618713714e-01
-1.334588244094181420e-02 6.674369806049009757e-01
-1.213674135349784855e-02 7.939728359338467101e-01
6.529348927672817826e-01 3.753478322033906300e-01
8.124951578127870278e-04 6.041465503179462848e-01
-1.729587150559488418e-01 4.666046937190547750e-01
-2.035965808746706962e-01 1.480069119757467799e-01
-6.850720528498448481e-01 9.372722268928240785e-01
6.228791908754915951e-03 8.964772128217513014e-01
1.793552985966364588e-01 4.684702876763906509e-01
-6.147396347625733171e-03 3.824283998702867615e-01
-1.868131104632464456e-03 5.122138283677926118e-01
4.992987621192817027e-01 1.832731543661658691e-02
-9.427039214610828388e-01 5.878988239447399122e-01
1.265322349974473681e-01 1.146657240682297241e-01
-1.194284059132493248e-01 7.003967170694953559e-01
4.055084026108590756e-01 9.969789470125989261e-02
6.801697216704110094e-01 6.574221137311663243e-01
-4.823462548892765156e-03 3.375666527054791421e-01
-1.902244379555892984e-01 3.065927434127437845e-01
4.342511752252642410e-03 5.352995162574171184e-01
-6.678868426058783836e-01 2.595084935937380655e-01
7.435937980075246756e-03 5.938872270317114843e-01
7.582453527645038882e-01 5.826808235728185847e-01
7.351439880008525662e-03 7.322434029473288142e-01
2.094032639106393479e-01 4.514733838824442902e-01
-1.351398998234532023e-02 3.277698994460883641e-01
-2.048801847978909407e-02 8.329987481701813801e-01
5.714012995359230018e-04 8.631035684312512446e-01
8.372856519542892784e-03 8.962523969587591344e-01
-2.808430967754738106e-03 8.938074076821220793e-01
-1.152750784986888988e-03 5.750007277966782127e-01
-1.343724523944556104e-02 3.374081515460793934e-01
-9.197887217769664669e-01 7.540683596269336375e-01
-2.051868421080456084e-01 3.452895165296793190e-01
2.203174473203779460e-01 8.791745026593037471e-01
-4.091010088828375135e-01 3.218031938764887023e-01
-1.462441569642924932e-03 5.405434995273322718e-01
-3.033995943788094785e-01 1.096234103850912689e-02
-2.081909538089954381e-03 5.496003669596408736e-01
4.121497451808908696e-01 2.204990612840456166e-01
-9.528444262496298389e-01 7.962431350414987952e-01
-3.591431967010545456e-01 1.196623828231417885e-01
-4.941105705023485228e-03 3.613091319825233461e-01
6.855578840921028316e-03 5.017147057747758376e-01
-5.363086384684758734e-01 7.242192557820525955e-01
9.342327967885033502e-03 6.372697355214267390e-01
-1.032211250459167395e-01 8.915204025655026898e-01
2.057012309418488893e-01 8.298929666742829170e-01
2.385716469993681699e-02 1.939548397455850282e-01
9.144662558479006442e-01 2.937883656704470825e-01
-7.480254639820493878e-03 5.036580530630466734e-01
-5.565012866411223058e-01 6.812057750708365722e-01
-7.573485820618583997e-01 1.120155187739327873e-01
-1.337092472662915199e-02 9.761399651409023992e-01
8.452020458344764453e-01 1.121276603248559933e-01
-1.115595307868955111e-02 6.288517219853774209e-01
4.707247652737556187e-02 2.132774189208127558e-01
1.872080001711533548e-01 8.748073122199073737e-02
-1.267433900446661710e-01 4.517756802497718827e-01
-4.340626024536642369e-01 7.409068243015565214e-01
-8.202248673640757382e-01 6.877081680717649359e-01
1.552437670498441058e-02 4.895542727170938413e-01
1.824764562082137331e-02 4.213868262504918416e-01
4.190348929267173617e-04 7.877345516272535875e-01
5.002714739080538209e-03 9.395700690959488677e-01
-9.860789667648437451e-01 9.567427362223901444e-01
2.569416296418935985e-03 6.290093176484032877e-01
-6.384718187153270996e-02 4.187509798989150767e-01
-4.560855862684842776e-03 8.540185072107110420e-01
5.954370846589909227e-01 9.412835965042996023e-01
9.492967551266495718e-03 4.205434802451462062e-01
5.179275754320411540e-01 7.012204434151946275e-01
4.578480680761227717e-01 1.583585930664043184e-01
1.045446080906842212e-03 8.989419687744554244e-01
-2.848146022211082151e-01 4.706286005715364373e-01
7.529126806834929297e-03 9.255240813867091632e-01
-6.490917430938079047e-01 8.131001480409572046e-01
7.466247666527481286e-03 7.650994039957156323e-01
-6.183158427495838438e-03 7.702283420299267380e-01
1.032181578963229374e-01 3.563791638399024242e-01
5.516173584233821092e-01 8.000777749165495223e-01
4.207420039368574560e-01 6.196046258530744089e-01
-5.388586039053684384e-01 1.739480591969254641e-01
-7.663066937317939420e-01 1.991797734672882125e-01
-8.398649505268025450e-01 1.620811860546077510e-01
-8.325065009223500123e-01 3.609954083932778168e-01
5.159664447426770550e-03 2.813361555811892956e-01
8.569489309270399424e-01 5.120554957295937459e-01
-4.884492461105718331e-01 8.479871022085323506e-01
6.705681961520792989e-02 2.187902086950083147e-01
5.824849144108856791e-03 9.424583574831586485e-01
2.349636551456590894e-03 9.607420806135003044e-01
-8.752894183035264675e-03 6.346402096665760828e-01
3.843896545503433515e-03 5.371920186791586671e-01
2.054597422617201463e-01 3.388590976433070168e-04
-8.932073255345285290e-03 4.923432378845010726e-01
5.744120616439025717e-01 7.176436829879665469e-01
1.179859545794914588e-02 3.397268008031602005e-01
-5.949739564405009951e-02 9.333698126050333777e-01
-8.719395889403274147e-01 1.216627246985446664e-02
-7.873385732966777795e-01 3.403939249277621037e-01
4.779943727458610958e-01 8.697812560001283444e-02
1.736373891403353298e-05 6.401571587950919406e-01
-4.883210825357904294e-01 8.787538898163063106e-01
-9.643869197477055177e-01 9.803771752398504624e-01
-1.771930588371593007e-01 8.935923770184832637e-01
-3.378521440543869048e-02 4.017436639223338490e-01
-1.282417288680970380e-02 9.749130060550154075e-01
-1.406320052558451827e-02 9.007226970556739820e-01
-4.517174627128426323e-01 4.588400712385263258e-01
-2.957633706202100754e-02 9.922041557669195599e-01
-1.210060220572306555e-02 7.052005187571183109e-01
8.741826323786074937e-01 5.825849723435390093e-01
-3.894807145343601729e-01 9.814977928717971700e-02
-1.049540718291197550e-01 8.439459436004083104e-01
2.691777564903277131e-01 3.800620179008328270e-01
-6.364591985847039002e-01 8.633008230488338208e-01
3.227808420917721577e-02 4.614674891636999510e-01
2.749300872093374259e-02 3.706571703869570023e-01
2.070475160035334383e-03 9.856123278547334055e-01
-6.352410484787407441e-03 9.566410658081163643e-01
8.573218127294708335e-01 7.391724608959749920e-01
5.170098791460628895e-01 5.347627668221333064e-02
-6.771873018391549870e-01 4.354787624483503761e-01
7.256494307574579139e-03 4.220917689784710047e-01
-1.989854334770866373e-01 8.341008845709794173e-01
7.949845250776821359e-02 5.433058726147550477e-01
-3.057255372786262804e-01 7.764224710286812270e-01
9.149058340274343060e-01 1.186634729819218137e-01
-5.721556802468392711e-01 8.912856026660562758e-01
5.402916162108899467e-01 5.167289074153027517e-01
